procid children dys_2_lastbirth birth_rate mom_byr dad_byr mageatmarrdays hsgtype wfgtype brresiduals fsresid
1003 6 4967 0.000818464560484531 1962 1960 7623 Ile Het -0.000444171907202392 -0.74820981165356
1043 5 3947 0.00109739368998628 1942 1942 8215 Ile Het -0.000448948819025561 -1.57363535552708
1101 4 2615 0.00130321459600348 1972 1969 7205.95833333333 Het Gly 5.30585023004764e-05 0.126612550745505
1103 5 3922 0.00109920307776862 1974 1971 8390 Het Gly -1.75267577668056e-05 0.0398547393402827
1150 4 2529 0.00143747005270724 1977 1979 9239.95833333333 Het Gly 0.000336014593515149 0.763531350493805
1602 4 2607 0.00131004366812227 1955 1953 7860.95833333333 Ile Gly -0.000137533564533423 -0.596821579335497
1805 6 2747 0.00204498977505112 1952 1957 9887 Het Val 0.000649767731082075 1.4132407012771
1809 6 4294 0.00126135216952573 1975 1978 8694 Het Gly 0.000186895785046305 0.746634959037063
1812 3 2068 0.00114810562571757 1982 1979 8441 Thr Gly 5.88771896030931e-05 0.368347860468575
1814 2 953 0.00155763239875389 1982 1975 9098 Het Gly 0.00044787751872833 0.627386522854147
1920 5 2874 0.00162667751118341 1957 1957 9211.04166666667 Het Gly 0.000274425680394512 0.42412770656502
1946 5 5846 0.000731261425959781 1958 1956 7546 Thr Gly -0.00054939439646038 -2.87015669118744
2204 2 2532 0.00127064803049555 1980 1981 8903.95833333333 Thr Het 0.000194749033878621 -1.14333587074684
3001 2 2783 0.00124688279301746 1954 1957 10624 Het Gly -8.90529303385538e-05 -2.4167246504199
3002 5 3103 0.0014099400775467 1962 1959 8654.95833333333 Het Gly 0.000110172188222766 0.346684824790632
3003 6 4520 0.00119075970469159 1961 1960 9090 Het Het -4.22669160927138e-05 -0.112717931556647
3004 4 2839 0.00117647058823529 1963 1963 8395 Het Gly -0.000132559413572735 -0.368400271211453
3005 7 5328 0.00118366541724206 1967 1965 7417.04166666667 Het Gly -5.90218731219281e-06 0.0891245943655127
3006 5 4123 0.00114744693057946 1964 1964 8795 Het Het -7.56473867812558e-05 -0.596954254244949
3007 6 5069 0.00104580631667015 1965 1965 8554.95833333333 Het Gly -0.000133179955927043 -0.569026408868905
3008 5 3893 0.00112580917534478 1966 1954 8281 Het Gly -0.000102622393396395 -0.336545572303986
3009 6 4659 0.000978090766823161 1968 1962 7661 Het Het -0.000216939788284833 -0.129071072437155
3011 6 5238 0.00102207686017989 1969 1966 7984.95833333333 Het Gly -0.000120847756488002 -0.634860249215171
3012 6 5338 0.000998003992015968 1970 1968 7681 Het Gly -0.000140248591853244 -0.73553739305364
3013 5 4758 0.00092528336803146 1972 1971 6969 Het Gly -0.000241900323011636 -1.14021320921553
3014 4 3148 0.0011094674556213 1971 1968 8422 Thr Gly -7.91852839002955e-05 -0.295792212947695
3015 5 3382 0.00146038700255568 1968 1966 10241.0416666667 Thr Gly 0.000319387438264752 0.58551137529504
3016 4 2538 0.00137174211248285 1976 1976 8573.95833333333 Thr Gly 0.000229193379520083 0.606021949054619
3017 5 4055 0.00114777618364419 1980 1971 7726 Ile Gly 8.80116624205674e-05 0.0950701131764753
3018 4 4083 0.00079093066174532 1978 1971 8393 Thr Het -0.000265773870856974 -0.932175858913238
3019 0 0 0 1980 1978 8517.95833333333 Het Gly -0.00120218810664544 -0.564374338538602
3020 3 1741 0.0014609203798393 1979 1980 9552.95833333333 Thr Gly 0.000364992819427062 0.728339974780682
3022 3 1480 0.00117855038302887 1988 1979 7438.95833333333 Ile Het 0.000100646979692059 1.12390677340289
3601 3 2030 0.00112866817155756 1975 1977 10620 Het Val 3.76485767928861e-05 0.391406533131457
3602 2 925 0.0016025641025641 1977 1974 8149.95833333333 Het Het 0.000385234365496296 0.27116412899979
3603 7 4777 0.00134438718350885 1967 1969 8951.95833333333 Het Gly 0.000196023682475857 0.891833638422635
3604 6 5239 0.00101978380583316 1971 1968 7798.95833333333 Het Gly -0.000104534335769539 -0.566062079850918
3605 7 5393 0.00117693213024716 1965 1969 9059 Het Val 3.33956371312846e-05 0.168783017462219
3606 6 4650 0.0011936022917164 1968 1970 9329.95833333333 Het Val 6.89906761732733e-05 0.129254752918262
3609 5 4086 0.00107962213225371 1974 1972 7491.95833333333 Het Gly -6.80901979470534e-05 -0.264874998215401
3611 5 3904 0.00111234705228031 1972 1973 9023 Ile Gly -4.76215111124099e-06 0.055436303259347
3612 4 3952 0.000822819528250137 1974 1974 8375 Het Het -0.000293244442520227 -0.993621399737763
3701 0 0 0 1975 1971 8599.95833333333 Ile Gly -0.00126484547917518 -0.796104109293191
3702 3 2273 0.0010443864229765 1973 1974 9483 Thr Gly -0.00011077929709875 -0.128814325944541
3703 5 3573 0.00121580547112462 1973 1976 9808 Thr Gly 0.000130860640723964 0.565991231780845
3704 1 470 0 1980 1979 9033 Ile Gly -0.00115993388070458 0.0230479423234852
3705 3 1978 0.0011997600479904 1984 1978 7939 Ile Het 0.000111780779130501 0.484766289882045
3706 2 879 0.00214592274678112 1985 1980 7995 Thr Gly 0.00102583997693791 0.686287021383525
3707 2 1053 0.00201612903225806 1983 1983 8716 Ile Gly 0.000907735077232935 0.515068103617207
3709 1 593 0 1988 1985 8053 Ile Gly -0.00109035515928543 0.13912388213454
4003 0 0 0 1984 1984 10738.0416666667 Het Het -0.00105508652585409 -0.0380409972319278
4802 2 1218 0.00151745068285281 1981 1981 9437 Het Gly 0.000420354859755378 0.353220774107652
7709 11 5268 0.00203004466098254 1927 1929 7514 Ile Val 0.000312894819194247 2.21437287076242
7723 2 724 0.00224215246636771 1951 1956 13001.9583333333 Ile Gly 0.000878046000577332 -0.0643764651885579
7724 0 0 0 1966 1961 8486.95833333333 Het Gly -0.00138868533948491 -1.25209073074232
7726 10 7102 0.00134509041996712 1964 1966 8094.95833333333 Ile Gly 0.000221611166490996 1.19662661153283
7727 7 4337 0.00154679040989946 1962 1967 8822.95833333333 Thr Val 0.000307717294974676 1.0867960754514
7728 5 4031 0.00106866150146941 1969 1968 7819.95833333333 Thr Het -0.000133658558619218 -0.402638762335133
7729 6 4202 0.00128932439401753 1968 1971 8985.95833333333 Thr Gly 0.000130670414477391 0.544437992248872
7732 5 2867 0.00156617071260767 1978 1974 7734 Het Gly 0.000428720900434246 1.23572850232913
7733 4 2763 0.00122599100939926 1975 1975 8857 Thr Het 9.1990796370772e-05 0.365160542507536
7735 4 1934 0.00197498354180382 1975 1979 9258 Het Het 0.000822010495384862 1.2882040919643
7769 7 3882 0.0017162471395881 1948 1948 7740 Het Gly 0.000226293706656067 0.715947605557206
7774 9 7464 0.00111296605453534 1955 1955 8518 Het Gly -9.58960518435814e-05 -0.556346153795335
7775 8 5687 0.00130111524163569 1959 1952 7407.95833333333 Thr Gly 2.09278853277059e-05 0.323609013179857
7776 5 3232 0.00139130434782609 1980 1975 7441.95833333333 Het Het 0.000283762887174369 0.909680027451059
7777 4 1847 0.002 1981 1976 7642 Het Het 0.000854051322850292 1.4304953342435
7779 6 4606 0.00116495806150979 1976 1972 8102 Het Het 9.21555930526702e-05 0.382238410197127
7780 3 1873 0.00158353127474268 1986 1979 7145.95833333333 Ile Gly 0.000483801883373929 0.57339009357023
7782 2 1690 0.000720461095100865 1984 1982 8204.95833333333 Thr Gly -0.000368736096152067 -0.175670562960518
7783 2 1445 0.00145560407569141 1976 1984 10337.9583333333 Thr Het 0.00034045107281265 0.00728063738614838
7844 7 7221 0.000875784556998978 1954 1951 7652 Thr Het -0.000393595431231308 -2.48128457145177
7853 7 4418 0.0015015015015015 1953 1955 9453 Thr Gly 0.00017363002485182 0.657302780716987
7905 15 8465 0.00170919301672567 1924 1921 6732.95833333333 Het Gly 5.80029709590228e-05 2.6224935804552
7908 15 8525 0.00169902912621359 1930 1930 8677 Het Gly 0.000212288042668804 3.14275783902225
7940 9 6666 0.001265622528081 1941 1944 9894 Ile Gly -0.000104681958653025 -0.203236469993456
7941 5 4632 0.000918062887307781 1948 1945 7767.95833333333 Het Gly -0.000538147437700698 -2.06084760957945
7942 5 3127 0.00141143260409315 1946 1944 10191 Het Gly -3.37597063051725e-05 -0.22985548052664
7944 5 4598 0.000930016275284817 1952 1950 8039 Het Het -0.000463261222158402 -1.78984404050161
7945 7 4039 0.00161899622234215 1939 1935 7439.04166666667 Het Gly 4.04358496618703e-06 0.0684415705543609
7946 7 4575 0.00175592625109745 1956 1954 8126.95833333333 Het Het 0.000418291326168254 0.442395293554447
7947 10 6287 0.00150075037518759 1956 1955 7974 Het Gly 0.00023094238799259 1.63689454704481
7948 8 6532 0.00119007140428426 1955 1952 9285.95833333333 Het Gly -2.66655830095223e-05 -0.471311749096491
7949 4 2206 0.00164203612479475 1955 1950 9036 Het Gly 0.000226905803726628 -0.0039873042934639
7950 7 8089 0.00076873798846893 1962 1957 7097 Het Gly -0.000380691756666691 -3.07757172104486
7951 9 6310 0.00132494203378602 1960 1960 7960 Ile Gly 0.000108447612130456 0.806025788965443
7952 8 5898 0.00124333925399645 1960 1958 9889.04166666667 Het Gly 9.08045291727265e-05 0.522786474955497
7953 4 4818 0.000671892497200448 1964 1962 9373 Het Het -0.000496509361317318 -2.23443034657875
7954 8 6034 0.00122893258426966 1969 1963 7985.95833333333 Ile Het 0.00012060412623191 0.536424001290247
7955 6 5341 0.00100341159943809 1971 1967 7259 Het Gly -0.000139387850234838 -0.752817614115671
7956 5 4194 0.00107642626480086 1974 1972 7788.95833333333 Ile Gly -5.39969222977845e-05 -0.333031328497693
7957 5 4369 0.000979911807937286 1972 1969 8650 Het Het -0.00013283754631855 -0.484401877353562
7958 2 2067 0.00304878048780488 1972 1971 9773.95833333333 Het Gly 0.00188378980200163 -0.919699874874501
7959 4 4040 0.000819000819000819 1977 1976 8002 Het Gly -0.000269386721463424 -0.994517260795858
7960 5 5023 0.000848536274925753 1976 1971 7625.95833333333 Thr Gly -0.000226361780169696 -1.12298842770401
7961 2 1289 0.00118063754427391 1976 1974 9714.95833333333 Ile Het 3.22804121567848e-05 0.0767901872316769
7962 2 1184 0.00108459869848156 1980 1979 8762 Ile Gly -5.58388413401471e-05 0.239144231850819
7963 2 1293 0.00139470013947001 1979 1974 8732 Het Het 0.000244494096018311 0.0723765619562986
7964 2 2112 0.00154798761609907 1985 1982 7857.95833333333 Ile Val 0.000475614075731701 -0.618062723976646
7965 1 291 0 1985 1985 7983 Het Het -0.0011461165145776 0.296774111581073
7966 3 1518 0.00178890876565295 1977 1982 11196.0416666667 Het Gly 0.000726558195051866 1.10805703546052
7967 2 1152 0.00108695652173913 1984 1984 9172 Thr Het 1.54342736620576e-05 0.528793284198232
8124 8 5315 0.00139776357827476 1943 1940 8209.04166666667 Het Het -7.6220643750414e-05 0.0497867402506448
8145 3 3704 0.000675447483958122 1960 1955 7493.95833333333 Het Gly -0.000673944291938896 -2.54989700787657
8148 5 3077 0.00143163922691482 1954 1957 9948.95833333333 Het Val 7.98255243711119e-05 0.176442564551786
8156 6 5682 0.000976753272123462 1967 1962 7011 Thr Het -0.000214674778799412 -1.34005940514594
8214 11 6015 0.00174581005586592 1923 1924 8370 Het Het 4.44956411721178e-05 1.36904917107839
8216 8 5569 0.00133587786259542 1935 1930 8750 Het Gly -0.00020994722076625 -0.524345338927915
8240 8 4303 0.00175219023779725 1946 1942 7784.95833333333 Thr Gly 0.000255964980187825 1.18668725177754
8241 6 3203 0.00175438596491228 1948 1944 7166.95833333333 Het Gly 0.00021064498986691 0.337502718420942
8242 10 6012 0.00158088881082031 1948 1946 7149.95833333333 Thr Gly 0.000158363040378575 1.40999004829677
8244 5 2239 0.00202326757713708 1945 1947 8266.95833333333 Het Het 0.000444668449577261 0.359011229860636
8245 4 1735 0.0020746887966805 1950 1947 7358.95833333333 Ile Het 0.000501823737859974 -0.0076623599954449
8246 2 1019 0.00141043723554302 1949 1948 7679 Het Gly -0.000193157554871172 -1.26315295474837
8248 7 4087 0.00166481687014428 1947 1946 8822.95833333333 Ile Gly 0.000216482185925215 0.615233469698685
8251 6 2845 0.00192233756247597 1954 1951 8518.95833333333 Het Gly 0.00049978169008117 1.20471184910192
8253 7 3837 0.00171184022824536 1956 1953 7842.95833333333 Het Gly 0.000330119914551562 1.16850197849169
8254 6 3739 0.00144634075788256 1951 1954 9692.95833333333 Het Het 7.27206754790155e-05 0.302546419652245
8257 7 5468 0.00117050331642606 1961 1959 7507.95833333333 Thr Gly -8.84933444020226e-05 -0.335847661965686
8260 4 1881 0.00190961171228517 1962 1957 6958 Ile Gly 0.000484800177632209 0.366007327206849
8261 5 3247 0.00135685210312076 1961 1958 7472.95833333333 Het Het -4.13734645004055e-08 -0.0283687980091898
8267 7 4325 0.00152129817444219 1961 1956 8484.04166666667 Thr Gly 0.000254097499445391 0.999943895807631
8268 6 5003 0.00111681929863748 1963 1962 8675 Thr Gly -8.63934906273254e-05 -0.579979720801956
8269 4 2736 0.0012442969722107 1969 1960 7115.95833333333 Het Gly -4.41069296511762e-05 -0.159185216616554
8270 9 5616 0.00149756645451142 1967 1962 8412 Het Gly 0.000362714233210041 1.93764915468728
8271 4 2718 0.00136301681054066 1971 1971 8440 Het Gly 0.000156461804543967 0.15464646207543
8273 3 3204 0.000985221674876847 1969 1965 10636 Thr Gly -0.00013352037503851 -1.12143221230132
8274 6 3706 0.00157778479015462 1964 1966 9636.95833333333 Het Gly 0.000372310965296721 0.96285543499061
8275 4 3633 0.000916030534351145 1975 1971 7847 Thr Gly -0.000223055376046242 -0.69141876704997
8277 5 4208 0.00106638229805385 1973 1970 9445 Het Het -6.39884314625645e-06 -0.149374163756172
8279 5 3875 0.00111234705228031 1976 1972 8122.95833333333 Thr Gly 8.70165962251188e-06 0.146545935031043
8280 5 3915 0.00109980753368161 1981 1973 7468.95833333333 Thr Gly 3.62873887068546e-05 0.251300428439203
8281 6 4366 0.00123395853899309 1977 1970 8274.95833333333 Ile Het 0.000171303323152586 0.706739481792656
8282 3 1578 0.00156739811912226 1977 1973 8781 Ile Gly 0.000405188075980112 0.685334204670193
8284 4 2989 0.00110497237569061 1978 1971 7677 Het Het -2.9599876695236e-05 0.100188873159869
8285 3 1919 0.00122100122100122 1979 1974 7942.95833333333 Thr Het 6.4492328420785e-05 0.302831211189996
8286 4 4056 0.00079093066174532 1981 1976 7891.95833333333 Thr Gly -0.000248521979291517 -0.8324232950517
8290 3 2477 0.00134318334452653 1982 1981 8388 Het Val 0.000269460621225028 -0.0654446355849304
8291 1 297 0 1987 1982 7339 Het Het -0.00114672475903523 0.292047156863664
8292 1 308 0 1979 1980 9777.04166666667 Het Het -0.00114862567717673 0.253931019289614
8294 1 708 0 1985 1983 8497 Ile Het -0.0011062071720146 -0.0607707483472472
8295 1 -20 0 1984 1985 9333.95833333333 Thr Gly -0.0011155263654662 0.7733412422353
8302 15 7582 0.00189727605366581 1928 1924 7359.04166666667 Het Het 0.000287227923638458 3.83051096387785
8303 4 3007 0.00111524163568773 1923 1925 11302 Het Het -0.000592250441199974 -2.06139885061254
8304 3 1674 0.00149365197908887 1933 1931 7156 Het Gly -0.000315335878879459 -1.80388769378462
8306 10 5889 0.00161870503597122 1931 1934 8154 Ile Het 8.5750103080455e-06 0.858369641220019
8308 6 4859 0.00131578947368421 1917 1912 7164 Het Gly -0.000566237182046224 -2.89987211149112
8311 7 4139 0.00134529147982063 1924 1928 9082 Het Het -0.000394022994208709 -0.522495805892297
8316 7 4251 0.00151362260343088 1939 1933 7679 Het Gly -8.19464646459864e-05 -0.116517427693539
8320 3 1570 0.00168776371308017 1959 1957 8890.95833333333 Het Het 0.000291780526240068 -0.168194694022087
8321 6 3715 0.00168463611859838 1955 1959 9273.04166666667 Het Gly 0.000345067365567793 0.460068629209118
8322 4 1969 0.00157563025210084 1962 1957 6817 Thr Gly 0.000148656459491073 0.253341411185683
8323 6 4554 0.00117564072419469 1961 1959 7140.95833333333 Thr Het -0.000138602823532766 -0.438855259503258
8324 3 1500 0.00170648464163823 1965 1958 6949 Het Gly 0.000304434204393762 -0.0922277098352957
8325 5 3495 0.00130890052356021 1960 1956 8641 Het Het -8.97740621913412e-07 -0.161166637215782
8326 4 3008 0.0014792899408284 1962 1962 7911 Het Gly 0.00014383393216293 -0.665367212564175
8327 7 6208 0.00101300016883336 1963 1959 7912 Thr Het -0.000170276655805867 -0.9485460140807
8328 5 3014 0.00159362549800797 1964 1961 7636 Ile Gly 0.000273216968676248 0.384948616983693
8330 6 5443 0.000974279033515199 1960 1966 10043.9583333333 Het Gly -0.000191434164956736 -0.980319152165455
8331 0 0 0 1964 1967 8666 Het Gly -0.00140754362958048 -1.32296814444002
8332 5 3236 0.00144144144144144 1970 1970 8339.95833333333 Het Gly 0.000239900610410174 0.551544234387962
8333 5 5184 0.000851788756388416 1972 1966 7432.95833333333 Het Gly -0.000277218048798561 -1.51459424456216
8340 5 2875 0.00155219247186651 1955 1952 7359.95833333333 Het Gly 9.49927621921482e-05 0.049380462176069
8341 4 4760 0.000672494956287828 1950 1946 7479.95833333333 Het Gly -0.000763923522426368 -3.13950804197138
8342 2 652 0.00282485875706215 1950 1955 9078 Het Het 0.00127791605362718 -0.623522866861381
8343 3 2333 0.00189753320683112 1950 1953 9354.04166666667 Het Val 0.00043527312555533 -1.33275086777711
8344 2 948 0.00151515151515152 1956 1952 8374 Ile Gly 3.0552729835438e-05 -0.744004066712366
8345 6 3091 0.00185873605947955 1959 1956 7669 Het Gly 0.000476933722439712 1.06573049783993
8346 5 3120 0.00115774240231548 1968 1965 7669.95833333333 Thr Gly -0.000103714847937091 0.474806811092997
8347 2 1294 0.00107066381156317 1964 1969 9371 Het Gly -0.000250796958018355 -0.565231235137478
8348 2 1034 0.00145772594752187 1974 1969 8009 Het Val 0.000199465460361294 -0.00973951133207328
8350 1 1359 0 1988 1983 6783.95833333333 Ile Gly -0.00111094588816763 -0.847802100179626
8402 14 9124 0.00147192028985507 1923 1923 7568.95833333333 Ile Gly -0.000128421034659173 1.01219673978478
8406 10 6488 0.00145466300307096 1934 1934 7800.95833333333 Thr Gly -0.000104761705048857 0.328352958125306
8407 7 4278 0.00150451354062187 1932 1933 8757 Ile Gly -0.000136737694212033 -0.32537579616981
8412 9 5110 0.00169779286926995 1934 1933 7114.04166666667 Ile Gly 4.94061569706773e-05 0.660781650372256
8445 7 3768 0.00173661360347323 1948 1947 7733.95833333333 Het Het 0.000241455188171954 0.833753170210813
8447 8 4604 0.00161550888529887 1942 1942 7331 Het Gly 6.01803740832998e-05 0.610374687391688
8448 10 6807 0.00145725388601036 1939 1936 7721.95833333333 Ile Het -2.55386292686854e-05 0.228359491867898
8449 12 7289 0.00159189580318379 1942 1939 6925.04166666667 Ile Gly 0.00013589724982996 1.75396175999798
8450 8 4726 0.00158371040723982 1947 1952 9396.95833333333 Het Het 0.000187467556358289 1.0354728123255
8451 3 1765 0.00162866449511401 1942 1931 12101 Het Gly 0.0001524761051085 -0.721881186742452
8452 5 2404 0.00210637177461822 1958 1959 7908.95833333333 Het Gly 0.000691700842596404 0.768096737566134
8453 3 1196 0.00221483942414175 1953 1954 8050.95833333333 Het Het 0.000687618440002938 -0.196807585391846
8454 5 3022 0.00157232704402516 1952 1952 9044 Het Het 0.000153276204481591 0.00113846623469752
8455 5 2717 0.00171159606332905 1957 1954 7626 Ile Gly 0.000285279733091382 0.351173254258744
8456 10 5991 0.00158618258724004 1956 1955 7957 Het Het 0.000302804207464518 1.94257982550439
8458 6 5513 0.000974658869395711 1963 1956 7521.95833333333 Het Het -0.000255335823975478 -1.28303265889452
8459 9 5788 0.00131212071510579 1962 1960 8068 Ile Gly 0.000104003417773028 1.4632725912939
8460 7 5923 0.00106571936056838 1964 1963 7643.95833333333 Ile Het -0.000128074125071484 -0.642969840933021
8461 4 3543 0.000927070457354759 1964 1964 8608.95833333333 Thr Het -0.000329094472690154 -1.02075881407375
8462 4 4138 0.000794070937003706 1962 1965 9094 Het Gly -0.000442141007821875 -1.6655571045698
8463 6 6637 0.000792016473942658 1968 1965 7517 Ile Gly -0.000323260214447728 -2.21021802468997
8464 5 4152 0.00128907508862391 1960 1959 10208 Ile Gly 7.42804672588548e-05 -0.611547206128454
8465 5 3733 0.00116720163408229 1969 1967 8111.95833333333 Ile Gly -3.5665559360506e-05 -0.0487781706641048
8466 5 4604 0.000934579439252336 1969 1971 9159.95833333333 Het Gly -0.000186014379577876 -0.799412182391223
8467 6 4146 0.00114968958381237 1973 1968 7760.95833333333 Ile Gly 2.76750197844757e-06 0.663981487183189
8468 5 4217 0.000866926744690074 1967 1968 9799 Het Gly -0.00026980810807789 -0.398694280012739
8469 2 1731 0.000681198910081744 1972 1973 8948.95833333333 Het Gly -0.000533379904788945 -0.692890382174408
8470 7 5813 0.00116867939228672 1973 1973 8504.95833333333 Thr Gly 0.000125686475792079 0.0391356576663407
8471 8 5288 0.0014543943486391 1970 1970 9872 Het Het 0.000406929815993784 1.6433528406905
8472 6 4822 0.00110668437361664 1970 1971 10098.9583333333 Het Gly 4.86204091963876e-05 0.16244764777076
8473 3 3264 0.00068259385665529 1976 1974 8431 Thr Gly -0.000434505145318393 -1.17127756517693
8474 4 2529 0.00146127618119825 1980 1978 8897.95833333333 Thr Gly 0.000384992392336697 0.858892987383217
8475 3 1489 0.00183318056828598 1986 1986 7993 Het Het 0.000752719846149863 1.09959556033591
8476 2 1556 0.00111234705228031 1985 1987 8367 Het Het 3.7435323734981e-05 0.0368256135343948
8478 0 0 0 1980 1975 11437.9583333333 Het Gly -0.00107829999425837 -0.128805422401455
8621 13 7262 0.00171895143962183 1938 1938 7942.04166666667 Het Gly 0.000252020401944638 2.73861060775806
8704 7 6837 0.000969461948618517 1927 1923 7824.04166666667 Thr Gly -0.000666424569719972 -3.37315922787666
8747 4 2714 0.00124895920066611 1956 1954 7953 Het Gly -0.000176840870163997 -0.645717431197385
8761 4 4881 0.000680272108843537 1966 1959 7631 Thr Het -0.000532848993611799 -2.46229653945154
8762 4 3914 0.000822819528250137 1967 1964 7656 Thr Gly -0.000417990309971023 -1.4028499595973
8805 11 5791 0.00181884321571481 1923 1915 9981.95833333333 Het Val 0.000176196396588893 1.84274928310118
8807 13 8283 0.00152033447358419 1919 1920 7377.04166666667 Thr Gly -0.000177565666429479 0.664122680236527
8808 12 7830 0.00145772594752187 1924 1922 8920.04166666667 Thr Het -0.000128236609019507 0.609952811760661
8809 11 7665 0.00139178844815588 1916 1915 7670 Het Het -0.000360190966156553 -0.795038649412897
8813 13 6089 0.00207936232888581 1912 1916 9327 Het Gly 0.000276363122772446 2.89803182579605
8821 9 5570 0.00151143019081806 1941 1940 8343 Ile Het 2.77442570299826e-05 0.706656027325039
8822 9 7183 0.00117439812096301 1951 1944 7297.95833333333 Thr Gly -0.000151334350670582 -0.640904031630987
8846 11 7787 0.00134426670251378 1955 1951 7215.95833333333 Het Gly 9.41834818237951e-05 0.913095738218032
8847 6 5889 0.000889838049474995 1954 1952 8124.95833333333 Het Het -0.000417296597233389 -2.02373952704376
8848 7 4262 0.00152168399695663 1939 1935 8679.04166666667 Ile Gly -3.09783662509394e-05 0.0212020612246748
8849 4 2000 0.00207182320441989 1944 1939 7952 Het Gly 0.000456259116756401 -0.48789486501693
8850 11 6951 0.00148676776687481 1938 1940 8275.95833333333 Ile Het 2.05036927946997e-05 1.11226053975783
8851 4 1885 0.00189155107187894 1943 1942 10251 Thr Gly 0.000355308315395199 -0.0740031552259332
8852 7 3029 0.00225056264066016 1939 1942 7891.95833333333 Het Het 0.000610982793915208 1.18770244883647
8854 6 6726 0.000778694907335306 1944 1943 7475 Het Gly -0.000651955140516259 -3.48017285486725
8855 8 5816 0.00128158183815452 1943 1944 8142 Het Gly -0.000173498775644013 -0.481898772967018
8856 4 1946 0.00219138056975895 1941 1943 11836.0416666667 Het Het 0.000698580459655367 0.00133030491597404
8857 4 1801 0.00204778156996587 1947 1947 9715 Ile Het 0.000538060472085963 0.128680456060422
8858 8 5918 0.00126857557085901 1956 1955 8174.95833333333 Thr Gly -8.72426806620692e-06 0.0511061051059637
8859 7 3469 0.0018796992481203 1957 1953 7660 Het Gly 0.000487469176650589 1.573196683886
8860 9 6728 0.00124902419984387 1956 1953 8471.95833333333 Ile Val 1.94867694711033e-05 0.25196589079604
8861 9 6702 0.0012531328320802 1964 1957 6943 Het Het 6.34152564137692e-05 0.441306973014362
8862 6 4952 0.00107619457597934 1962 1967 10352.9583333333 Thr Gly -7.12678980729054e-05 -0.32536961009994
8863 6 3759 0.00143554407120299 1967 1966 8748 Het Gly 0.00023433656526304 0.921440457176197
8864 8 5703 0.00130548302872063 1968 1970 8406 Ile Het 0.000187380128530748 0.894954430367951
8865 6 3244 0.00133084908171413 1966 1969 9140 Het Gly 0.000110690102963304 1.46738489817872
8866 7 4531 0.00141010575793184 1974 1969 6797 Het Gly 0.000252225226164572 1.16808687343855
8867 4 2382 0.00142382534409112 1975 1975 7891.95833333333 Het Gly 0.000232341978728563 0.617938319996916
8868 5 3155 0.00146145414687614 1977 1971 7389.95833333333 Het Gly 0.000308682097035449 0.835725564345079
8869 4 3302 0.00101146325016858 1970 1966 10231 Het Gly -0.000106980524188655 -0.235098907421852
8870 4 2490 0.00146555935515388 1981 1974 7634 Het Gly 0.000347183380575963 0.759754078180616
8871 4 2433 0.00148441365660564 1971 1979 10887 Ile Het 0.000369306961024433 0.816426141960054
8872 6 3285 0.00171232876712329 1978 1978 8242 Het Het 0.000614577142108417 1.87624735019452
8873 3 1858 0.00133779264214047 1975 1975 9798 Thr Het 0.000204431311062687 0.447892364352718
8874 2 2375 0.000582750582750583 1969 1969 12832 Het Het -0.000478807053385791 -0.930633113369834
8875 3 2106 0.0011983223487118 1978 1981 9742 Het Gly 0.000113032418679485 0.327676567380579
8876 4 2237 0.00156168662155128 1983 1983 8109.95833333333 Ile Gly 0.000478976377343595 1.19178192190859
8877 3 1700 0.00152671755725191 1982 1981 8510.04166666667 Ile Gly 0.000424443792718037 0.761840459877007
8878 3 1417 0.00176678445229682 1983 1980 8828.95833333333 Ile Val 0.000678983982157236 1.15288912808517
8879 2 1539 0.000831946755407654 1979 1981 10181 Ile Het -0.000246103267973117 0.0323634325326124
8904 9 6626 0.00128390306531857 1931 1923 7931.04166666667 Thr Gly -0.000303693922904965 -0.942317431399127
8905 15 7642 0.00194633671625191 1929 1925 6973 Thr Gly 0.000335741665270446 3.75924116294629
8906 8 5208 0.00146351662136734 1932 1930 7069.04166666667 Thr Gly -0.000208979791860867 -0.545561667771093
8909 13 7778 0.00159574468085106 1907 1904 7875 Het Gly -0.000261677428468034 0.678744477112954
8912 12 6292 0.00188614540466392 1907 1911 9154 Het Het 1.84818995435904e-05 1.41688297902873
8940 6 2784 0.00203998368013056 1929 1926 8084 Het Het 0.000265643567876334 -0.0164587310250855
8941 2 5371 0.000207641196013289 1936 1934 7046 Het Gly -0.001405847977001 -6.52355940986553
8942 6 4191 0.00131440588853838 1940 1940 7089.95833333333 Thr Gly -0.00029553197515483 -1.09311370825265
8943 5 3477 0.00111389585073796 1938 1936 7994 Het Gly -0.000515134588103646 -1.31236539506458
8944 5 5245 0.000835770998746344 1938 1939 8323 Thr Gly -0.000702553330377451 -3.10428575694281
8945 6 5140 0.00103135313531353 1940 1941 9116 Thr Gly -0.000451429635411382 -1.77907618280998
8946 5 2609 0.0017174753112924 1946 1945 8198.95833333333 Het Gly 0.000165279810269868 0.0123837381492079
8947 9 3988 0.00215982721382289 1948 1947 7602 Ile Het 0.000668620171022075 2.58498601533361
8948 8 5124 0.00144717800289436 1946 1948 8483.95833333333 Het Val 1.62484843189579e-05 0.436058183730055
8949 8 4615 0.00161550888529887 1947 1945 8096 Het Het 0.000159251286002919 0.956995113888523
8951 7 4317 0.00150075037518759 1950 1950 7245 Ile Het 3.5132936833061e-05 0.286734225385313
8952 5 2850 0.00156067108856808 1949 1951 8367 Thr Gly 6.57486375383112e-05 -0.067123324529007
8953 4 2013 0.00195822454308094 1950 1952 8702.95833333333 Het Het 0.00045444971829908 -0.0966592729983432
8954 6 3797 0.00144592249855408 1955 1955 7552.95833333333 Het Het 3.69345756391118e-05 0.118102624997172
8955 6 5341 0.000994629003381739 1954 1956 7742 Ile Het -0.000352541830512366 -1.51023884403908
8956 6 6876 0.000785422557335847 1957 1952 7107.95833333333 Ile Val -0.000482334047859928 -3.05681675564365
8957 6 4208 0.00128501670521717 1958 1958 8036 Het Gly -4.5953959736755e-05 -0.0914355843100029
8958 5 2713 0.00163934426229508 1962 1960 7816.95833333333 Thr Het 0.000287092589896635 0.627784670349879
8959 6 4097 0.00159795461808885 1963 1959 8178 Het Het 0.000334326648957647 0.289290614173468
8961 9 5825 0.001458257382428 1962 1962 9332 Ile Val 0.000305374504653571 1.61329259109282
8962 6 3977 0.00136054421768707 1964 1962 8562.04166666667 Het Gly 0.000121228330940352 0.520323935512577
8963 4 2390 0.0013934045517882 1966 1965 7912 Het Het 8.40732165607044e-05 0.173466882310408
8964 4 2221 0.00168067226890756 1961 1961 9907 Het Gly 0.000382511089240855 0.403072020310822
8966 7 6244 0.00103662750518314 1972 1966 7832.95833333333 Thr Het -2.93945630584381e-05 -0.558692108878892
8967 6 4991 0.00108295429932857 1972 1964 8558.95833333333 Het Het -6.65719074337329e-06 -0.145663206734302
8968 4 4225 0.000620860927152318 1973 1971 7889.95833333333 Het Gly -0.00051715868787657 -1.39903763258223
8970 6 5301 0.00099601593625498 1975 1969 7247 Het Het -9.61198732397367e-05 -0.517786919523619
8971 2 4198 0.00148148148148148 1966 1974 10917 Thr Gly 0.000378128442437844 -3.26093292143019
8972 6 5248 0.00101916021198532 1976 1974 7550 Het Het -4.91934881575082e-05 -0.368608644027773
8973 1 3379 0 1965 1972 11769.9583333333 Het Gly -0.00111594363163718 -3.32967708170339
8974 4 2168 0.00159914712153518 1980 1976 7493.95833333333 Ile Het 0.000447624488056435 1.02536672364317
8975 3 2901 0.00088339222614841 1981 1973 7380 Het Het -0.000227919131781995 -0.706103647884748
8976 3 3697 0.000612745098039216 1979 1970 8622 Thr Het -0.000437772222401004 -1.44728720825757
8978 2 1556 0.000809716599190283 1984 1980 7370.95833333333 Het Het -0.000320681907623104 -0.160543669178884
8979 2 1929 0.000662251655629139 1983 1978 8048 Het Het -0.000436457358478468 -0.49674366797943
8980 1 395 0 1982 1981 8247.95833333333 Het Gly -0.00117004230742614 0.081626457985389
8981 2 1547 0.000880281690140845 1981 1984 9052 Thr Het -0.000218867065615736 -0.0467923043141034
8982 2 1304 0.00121654501216545 1982 1985 8652.95833333333 Thr Gly 0.000103144788146928 0.195508856050649
8983 3 1840 0.00138985406532314 1982 1984 8728 Het Het 0.000302905003378775 0.648572484068491
9014 9 6797 0.00150432493418578 1944 1941 6622 Het Gly 4.05663375533865e-05 -0.681344097126657
9105 10 6678 0.00147831800262812 1928 1928 8303.95833333333 Thr Gly -0.000130881662115133 -0.0872142627326786
9121 8 3776 0.00199942873464724 1942 1939 7448.95833333333 Thr Het 0.000413162067124453 1.49015634927407
9144 7 4583 0.00146341463414634 1952 1954 8468.95833333333 Thr Gly 8.77280281147195e-05 0.289911055874092
9145 10 5864 0.00161957890948353 1949 1949 7554.95833333333 Het Gly 0.000221038971885977 1.67330572285808
9147 8 6176 0.00119128658951668 1953 1945 8708 Het Val -9.18799355100461e-05 -0.284410532694132
9149 6 3558 0.00158177791838026 1953 1952 9699.95833333333 Het Het 0.000227052329913602 0.58964824466738
9152 2 1544 0.000802568218298555 1960 1961 8156.95833333333 Thr Gly -0.000612458061390204 -1.20181781550004
9154 0 0 0 1949 1948 13090 Ile Gly -0.00141825392061039 -1.39493590477878
9158 8 5696 0.00136505460218409 1964 1963 8265.04166666667 Het Gly 0.000187758199084192 0.686047849671677
9161 7 3731 0.00170599943133352 1980 1973 7848.04166666667 Het Gly 0.000637348241027099 2.45065193304793
9163 4 2271 0.00169971671388102 1983 1970 7272 Thr Gly 0.000582929959466967 1.0313820471257
9164 4 2808 0.000974342318934719 1983 1982 7630 Thr Val -0.000103944667687991 0.525612556929997
9165 3 1003 0.00154679040989946 1988 1986 7235 Het Het 0.000439527384289067 1.5901770091665
9647 8 5360 0.00140224358974359 1955 1954 7606 Thr Gly 6.33546840306742e-05 0.498482220545044
9648 7 4159 0.00168255748738082 1951 1952 9208 Thr Gly 0.000306593734666981 0.792865642685309
9652 8 7020 0.00105342362678706 1958 1956 8116 Thr Gly -0.000152086144665447 -1.0076028757942
9654 4 2465 0.00127496812579686 1959 1953 7665 Thr Val -0.000134178086473021 -0.283020144271025
9655 8 5316 0.00144568360181743 1960 1960 8690.04166666667 Thr Het 0.00021701422128551 0.949964091890042
9658 6 4270 0.00125722906713603 1966 1962 7427.95833333333 Thr Gly 8.97040007742509e-06 0.143642969396732
9661 8 5084 0.0014625992478061 1963 1963 8559.95833333333 Thr Het 0.000258021681633836 1.31851551431846
9667 2 3298 0.00033101621979477 1971 1968 7745 Het Gly -0.000879848512222417 -2.55297170543196
9850 10 5089 0.00187617260787992 1942 1947 10494 Het Het 0.000476095542809388 2.57716681244673
9851 3 1243 0.00212765957446809 1950 1947 7643 Ile Gly 0.000545488343868844 -0.452979101198327
9862 7 5228 0.00127849989345834 1964 1960 6732.95833333333 Het Gly 1.58856128711095e-05 -0.0551665051312945
9865 5 4769 0.000947193937958797 1966 1965 7712 Het Gly -0.000267352373725709 -1.33358976763433
9867 5 2171 0.00215982721382289 1962 1967 10134 Het Gly 0.00088235388602128 1.53778970783989
9868 9 6724 0.00124863430622756 1971 1969 7681 Het Het 0.000183774171930465 0.870030315522891
9869 5 3384 0.00128617363344051 1971 1964 7165.95833333333 Het Het 5.44748403785457e-05 0.271103400984593
9870 5 3385 0.00148423005565863 1968 1968 8361 Het Gly 0.00026359537197989 0.301946515610354
9871 5 5305 0.00093764650726676 1971 1970 8968.95833333333 Het Gly -0.000134166526646759 -1.4602611590716
17123 7 4119 0.00157811678064177 1951 1954 9227.95833333333 Ile Het 0.00020126344043136 0.837494279479495
17142 5 4868 0.000873934891850557 1951 1944 7420.95833333333 Thr Gly -0.000547071326435932 -2.21197567971925
17410 5 2928 0.00154798761609907 1969 1961 9288.95833333333 Het Gly 0.000360113100448064 0.965028407912435
17411 6 3804 0.00143266475644699 1966 1970 11295 Thr Gly 0.000328246059359452 1.20571967789785
19007 7 3373 0.00200066688896299 1940 1936 6908 Thr Het 0.000347500265957942 0.731517277298654
19043 6 3830 0.00143430866322433 1951 1953 8865.95833333333 Het Gly 2.95513295702953e-05 0.0844277790740001
22203 4 3848 0.00088809946714032 1976 1974 7808.95833333333 Thr Het -0.00023004018901383 -0.87217787542711
22430 7 5637 0.00125339461040318 1965 1965 8060 Het Het 7.80649562245974e-05 -0.234309422650745
22432 4 2226 0.0015495867768595 1967 1957 8131.95833333333 Het Het 0.000255695883692107 0.425840967056045
22433 8 6569 0.00111146395681169 1971 1966 7201 Ile Gly 1.9510225798378e-05 -0.0401704787199129
22434 0 0 0 1951 1951 14736 Thr Gly -0.00132196379246307 -1.05182170318548
22435 6 5069 0.00107388316151203 1970 1970 7928.95833333333 Het Gly -6.55262636028763e-05 -0.418443723860415
22436 5 4132 0.00104139546992971 1972 1969 8146.95833333333 Het Het -0.000102984635097936 -0.312654156063043
22437 6 5102 0.00103498240529911 1974 1972 8063 Thr Gly -4.43983338752538e-05 -0.237642361789829
22438 7 5660 0.00113485908832987 1972 1972 8958.95833333333 Ile Val 9.12593340764315e-05 0.217382374326179
22439 4 4826 0.000694605232692753 1975 1972 8744 Het Gly -0.000354636080256236 -1.79987166384446
22440 5 4112 0.00110041265474553 1977 1977 8216.95833333333 Het Gly 2.42707082806098e-05 -0.0374251831976976
22441 3 2036 0.00146735143066764 1984 1974 7648 Thr Het 0.000369543512187288 0.380963885828436
22442 3 1719 0.00139372822299652 1984 1978 7745 Thr Gly 0.000286275046200125 0.725521291375591
22443 2 1026 0.00219298245614035 1985 1982 8576.95833333333 Thr Gly 0.00110397183996959 0.620026979566525
22444 2 1405 0.00126742712294043 1979 1969 10905 Ile Het 0.000214277728896144 0.279893193212083
22820 6 4756 0.00113019891500904 1963 1961 8430 Het Gly -9.41306708949424e-05 -0.359327709606126
23001 6 4526 0.00119588615163836 1973 1968 8099 Thr Het 7.98018107138409e-05 0.318717014258033
23002 6 3502 0.00157728706624606 1960 1966 10715.0416666667 Het Het 0.000355788936087487 1.14092382941251
23003 7 5248 0.00121065375302663 1972 1973 8246.95833333333 Thr Het 0.000118961069982103 0.540185643801487
23004 6 5009 0.00106632544252506 1974 1971 8890.04166666667 Thr Het 1.79969039909228e-05 -0.0174349307335374
23005 2 935 0.00164203612479475 1977 1977 9332.95833333333 Thr Gly 0.000475332136318444 0.437216331169301
23006 4 2265 0.00153452685421995 1980 1977 8436 Thr Gly 0.000427183326400776 1.06488376898215
23007 6 5788 0.000908100254268071 1970 1963 8074 Het Het -0.000193944202832342 -1.14549400313779
23008 4 2588 0.00135931128228364 1961 1965 11234.0416666667 Thr Gly 0.000133384257751538 0.21887088120468
23009 4 2752 0.00121703853955375 1967 1967 9872 Thr Het 1.98063968821648e-05 0.137681253575133
23010 1 839 0 1982 1980 9422 Thr Gly -0.00110095704078781 -0.205576442961389
23011 1 1059 0 1985 1981 8459 Thr Het -0.00109258278184789 -0.431931052968327
23012 2 1613 0.00101729399796541 1988 1982 7433.95833333333 Het Het -5.50481176143992e-05 -0.0153303124655757
