0.000818464560484531
0.00109739368998628
0.00130321459600348
0.00109920307776862
0.00143747005270724
0.00131004366812227
0.00204498977505112
0.00126135216952573
0.00114810562571757
0.00155763239875389
0.00162667751118341
0.000731261425959781
0.00127064803049555
0.00124688279301746
0.0014099400775467
0.00119075970469159
0.00117647058823529
0.00118366541724206
0.00114744693057946
0.00104580631667015
0.00112580917534478
0.000978090766823161
0.00102207686017989
0.000998003992015968
0.00092528336803146
0.0011094674556213
0.00146038700255568
0.00137174211248285
0.00114777618364419
0.00079093066174532
0.0014609203798393
0.00117855038302887
0.00112866817155756
0.0016025641025641
0.00134438718350885
0.00101978380583316
0.00117693213024716
0.0011936022917164
0.00107962213225371
0.00111234705228031
0.000822819528250137
0.0010443864229765
0.00121580547112462
0.0011997600479904
0.00214592274678112
0.00201612903225806
0.00151745068285281
0.00203004466098254
0.00224215246636771
0.00134509041996712
0.00154679040989946
0.00106866150146941
0.00128932439401753
0.00156617071260767
0.00122599100939926
0.00197498354180382
0.0017162471395881
0.00111296605453534
0.00130111524163569
0.00139130434782609
0.002
0.00116495806150979
0.00158353127474268
0.000720461095100865
0.00145560407569141
0.000875784556998978
0.0015015015015015
0.00170919301672567
0.00169902912621359
0.001265622528081
0.000918062887307781
0.00141143260409315
0.000930016275284817
0.00161899622234215
0.00175592625109745
0.00150075037518759
0.00119007140428426
0.00164203612479475
0.00076873798846893
0.00132494203378602
0.00124333925399645
0.000671892497200448
0.00122893258426966
0.00100341159943809
0.00107642626480086
0.000979911807937286
0.00304878048780488
0.000819000819000819
0.000848536274925753
0.00118063754427391
0.00108459869848156
0.00139470013947001
0.00154798761609907
0.00178890876565295
0.00108695652173913
0.00139776357827476
0.000675447483958122
0.00143163922691482
0.000976753272123462
0.00174581005586592
0.00133587786259542
0.00175219023779725
0.00175438596491228
0.00158088881082031
0.00202326757713708
0.0020746887966805
0.00141043723554302
0.00166481687014428
0.00192233756247597
0.00171184022824536
0.00144634075788256
0.00117050331642606
0.00190961171228517
0.00135685210312076
0.00152129817444219
0.00111681929863748
0.0012442969722107
0.00149756645451142
0.00136301681054066
0.000985221674876847
0.00157778479015462
0.000916030534351145
0.00106638229805385
0.00111234705228031
0.00109980753368161
0.00123395853899309
0.00156739811912226
0.00110497237569061
0.00122100122100122
0.00079093066174532
0.00134318334452653
0.00189727605366581
0.00111524163568773
0.00149365197908887
0.00161870503597122
0.00131578947368421
0.00134529147982063
0.00151362260343088
0.00168776371308017
0.00168463611859838
0.00157563025210084
0.00117564072419469
0.00170648464163823
0.00130890052356021
0.0014792899408284
0.00101300016883336
0.00159362549800797
0.000974279033515199
0.00144144144144144
0.000851788756388416
0.00155219247186651
0.000672494956287828
0.00282485875706215
0.00189753320683112
0.00151515151515152
0.00185873605947955
0.00115774240231548
0.00107066381156317
0.00145772594752187
0.00147192028985507
0.00145466300307096
0.00150451354062187
0.00169779286926995
0.00173661360347323
0.00161550888529887
0.00145725388601036
0.00159189580318379
0.00158371040723982
0.00162866449511401
0.00210637177461822
0.00221483942414175
0.00157232704402516
0.00171159606332905
0.00158618258724004
0.000974658869395711
0.00131212071510579
0.00106571936056838
0.000927070457354759
0.000794070937003706
0.000792016473942658
0.00128907508862391
0.00116720163408229
0.000934579439252336
0.00114968958381237
0.000866926744690074
0.000681198910081744
0.00116867939228672
0.0014543943486391
0.00110668437361664
0.00068259385665529
0.00146127618119825
0.00183318056828598
0.00111234705228031
0.00171895143962183
0.000969461948618517
0.00124895920066611
0.000680272108843537
0.000822819528250137
0.00181884321571481
0.00152033447358419
0.00145772594752187
0.00139178844815588
0.00207936232888581
0.00151143019081806
0.00117439812096301
0.00134426670251378
0.000889838049474995
0.00152168399695663
0.00207182320441989
0.00148676776687481
0.00189155107187894
0.00225056264066016
0.000778694907335306
0.00128158183815452
0.00219138056975895
0.00204778156996587
0.00126857557085901
0.0018796992481203
0.00124902419984387
0.0012531328320802
0.00107619457597934
0.00143554407120299
0.00130548302872063
0.00133084908171413
0.00141010575793184
0.00142382534409112
0.00146145414687614
0.00101146325016858
0.00146555935515388
0.00148441365660564
0.00171232876712329
0.00133779264214047
0.000582750582750583
0.0011983223487118
0.00156168662155128
0.00152671755725191
0.00176678445229682
0.000831946755407654
0.00128390306531857
0.00194633671625191
0.00146351662136734
0.00159574468085106
0.00188614540466392
0.00203998368013056
0.000207641196013289
0.00131440588853838
0.00111389585073796
0.000835770998746344
0.00103135313531353
0.0017174753112924
0.00215982721382289
0.00144717800289436
0.00161550888529887
0.00150075037518759
0.00156067108856808
0.00195822454308094
0.00144592249855408
0.000994629003381739
0.000785422557335847
0.00128501670521717
0.00163934426229508
0.00159795461808885
0.001458257382428
0.00136054421768707
0.0013934045517882
0.00168067226890756
0.00103662750518314
0.00108295429932857
0.000620860927152318
0.00099601593625498
0.00148148148148148
0.00101916021198532
0.00159914712153518
0.00088339222614841
0.000612745098039216
0.000809716599190283
0.000662251655629139
0.000880281690140845
0.00121654501216545
0.00138985406532314
0.00150432493418578
0.00147831800262812
0.00199942873464724
0.00146341463414634
0.00161957890948353
0.00119128658951668
0.00158177791838026
0.000802568218298555
0.00136505460218409
0.00170599943133352
0.00169971671388102
0.000974342318934719
0.00154679040989946
0.00140224358974359
0.00168255748738082
0.00105342362678706
0.00127496812579686
0.00144568360181743
0.00125722906713603
0.0014625992478061
0.00033101621979477
0.00187617260787992
0.00212765957446809
0.00127849989345834
0.000947193937958797
0.00215982721382289
0.00124863430622756
0.00128617363344051
0.00148423005565863
0.00093764650726676
0.00157811678064177
0.000873934891850557
0.00154798761609907
0.00143266475644699
0.00200066688896299
0.00143430866322433
0.00088809946714032
0.00125339461040318
0.0015495867768595
0.00111146395681169
0.00107388316151203
0.00104139546992971
0.00103498240529911
0.00113485908832987
0.000694605232692753
0.00110041265474553
0.00146735143066764
0.00139372822299652
0.00219298245614035
0.00126742712294043
0.00113019891500904
0.00119588615163836
0.00157728706624606
0.00121065375302663
0.00106632544252506
0.00164203612479475
0.00153452685421995
0.000908100254268071
0.00135931128228364
0.00121703853955375
0.00101729399796541
