1 4967 1962 7623 2 2
1 3947 1942 8215 2 2
1 2615 1972 7205.95833333333 1 2
1 3922 1974 8390 1 2
1 2529 1977 9239.95833333333 1 2
1 2607 1955 7860.95833333333 2 4
1 2747 1952 9887 1 0
1 4294 1975 8694 1 2
1 2068 1982 8441 0 0
1 953 1982 9098 1 2
1 2874 1957 9211.04166666667 1 2
1 5846 1958 7546 0 0
1 2532 1980 8903.95833333333 0 0
1 2783 1954 10624 1 2
1 3103 1962 8654.95833333333 1 2
1 4520 1961 9090 1 1
1 2839 1963 8395 1 2
1 5328 1967 7417.04166666667 1 2
1 4123 1964 8795 1 1
1 5069 1965 8554.95833333333 1 2
1 3893 1966 8281 1 2
1 4659 1968 7661 1 1
1 5238 1969 7984.95833333333 1 2
1 5338 1970 7681 1 2
1 4758 1972 6969 1 2
1 3148 1971 8422 0 0
1 3382 1968 10241.0416666667 0 0
1 2538 1976 8573.95833333333 0 0
1 4055 1980 7726 2 4
1 4083 1978 8393 0 0
1 0 1980 8517.95833333333 1 2
1 1741 1979 9552.95833333333 0 0
1 1480 1988 7438.95833333333 2 2
1 2030 1975 10620 1 0
1 925 1977 8149.95833333333 1 1
1 4777 1967 8951.95833333333 1 2
1 5239 1971 7798.95833333333 1 2
1 5393 1965 9059 1 0
1 4650 1968 9329.95833333333 1 0
1 4086 1974 7491.95833333333 1 2
1 3904 1972 9023 2 4
1 3952 1974 8375 1 1
1 0 1975 8599.95833333333 2 4
1 2273 1973 9483 0 0
1 3573 1973 9808 0 0
1 470 1980 9033 2 4
1 1978 1984 7939 2 2
1 879 1985 7995 0 0
1 1053 1983 8716 2 4
1 593 1988 8053 2 4
1 0 1984 10738.0416666667 1 1
1 1218 1981 9437 1 2
1 5268 1927 7514 2 0
1 724 1951 13001.9583333333 2 4
1 0 1966 8486.95833333333 1 2
1 7102 1964 8094.95833333333 2 4
1 4337 1962 8822.95833333333 0 0
1 4031 1969 7819.95833333333 0 0
1 4202 1968 8985.95833333333 0 0
1 2867 1978 7734 1 2
1 2763 1975 8857 0 0
1 1934 1975 9258 1 1
1 3882 1948 7740 1 2
1 7464 1955 8518 1 2
1 5687 1959 7407.95833333333 0 0
1 3232 1980 7441.95833333333 1 1
1 1847 1981 7642 1 1
1 4606 1976 8102 1 1
1 1873 1986 7145.95833333333 2 4
1 1690 1984 8204.95833333333 0 0
1 1445 1976 10337.9583333333 0 0
1 7221 1954 7652 0 0
1 4418 1953 9453 0 0
1 8465 1924 6732.95833333333 1 2
1 8525 1930 8677 1 2
1 6666 1941 9894 2 4
1 4632 1948 7767.95833333333 1 2
1 3127 1946 10191 1 2
1 4598 1952 8039 1 1
1 4039 1939 7439.04166666667 1 2
1 4575 1956 8126.95833333333 1 1
1 6287 1956 7974 1 2
1 6532 1955 9285.95833333333 1 2
1 2206 1955 9036 1 2
1 8089 1962 7097 1 2
1 6310 1960 7960 2 4
1 5898 1960 9889.04166666667 1 2
1 4818 1964 9373 1 1
1 6034 1969 7985.95833333333 2 2
1 5341 1971 7259 1 2
1 4194 1974 7788.95833333333 2 4
1 4369 1972 8650 1 1
1 2067 1972 9773.95833333333 1 2
1 4040 1977 8002 1 2
1 5023 1976 7625.95833333333 0 0
1 1289 1976 9714.95833333333 2 2
1 1184 1980 8762 2 4
1 1293 1979 8732 1 1
1 2112 1985 7857.95833333333 2 0
1 291 1985 7983 1 1
1 1518 1977 11196.0416666667 1 2
1 1152 1984 9172 0 0
1 5315 1943 8209.04166666667 1 1
1 3704 1960 7493.95833333333 1 2
1 3077 1954 9948.95833333333 1 0
1 5682 1967 7011 0 0
1 6015 1923 8370 1 1
1 5569 1935 8750 1 2
1 4303 1946 7784.95833333333 0 0
1 3203 1948 7166.95833333333 1 2
1 6012 1948 7149.95833333333 0 0
1 2239 1945 8266.95833333333 1 1
1 1735 1950 7358.95833333333 2 2
1 1019 1949 7679 1 2
1 4087 1947 8822.95833333333 2 4
1 2845 1954 8518.95833333333 1 2
1 3837 1956 7842.95833333333 1 2
1 3739 1951 9692.95833333333 1 1
1 5468 1961 7507.95833333333 0 0
1 1881 1962 6958 2 4
1 3247 1961 7472.95833333333 1 1
1 4325 1961 8484.04166666667 0 0
1 5003 1963 8675 0 0
1 2736 1969 7115.95833333333 1 2
1 5616 1967 8412 1 2
1 2718 1971 8440 1 2
1 3204 1969 10636 0 0
1 3706 1964 9636.95833333333 1 2
1 3633 1975 7847 0 0
1 4208 1973 9445 1 1
1 3875 1976 8122.95833333333 0 0
1 3915 1981 7468.95833333333 0 0
1 4366 1977 8274.95833333333 2 2
1 1578 1977 8781 2 4
1 2989 1978 7677 1 1
1 1919 1979 7942.95833333333 0 0
1 4056 1981 7891.95833333333 0 0
1 2477 1982 8388 1 0
1 297 1987 7339 1 1
1 308 1979 9777.04166666667 1 1
1 708 1985 8497 2 2
1 -20 1984 9333.95833333333 0 0
1 7582 1928 7359.04166666667 1 1
1 3007 1923 11302 1 1
1 1674 1933 7156 1 2
1 5889 1931 8154 2 2
1 4859 1917 7164 1 2
1 4139 1924 9082 1 1
1 4251 1939 7679 1 2
1 1570 1959 8890.95833333333 1 1
1 3715 1955 9273.04166666667 1 2
1 1969 1962 6817 0 0
1 4554 1961 7140.95833333333 0 0
1 1500 1965 6949 1 2
1 3495 1960 8641 1 1
1 3008 1962 7911 1 2
1 6208 1963 7912 0 0
1 3014 1964 7636 2 4
1 5443 1960 10043.9583333333 1 2
1 0 1964 8666 1 2
1 3236 1970 8339.95833333333 1 2
1 5184 1972 7432.95833333333 1 2
1 2875 1955 7359.95833333333 1 2
1 4760 1950 7479.95833333333 1 2
1 652 1950 9078 1 1
1 2333 1950 9354.04166666667 1 0
1 948 1956 8374 2 4
1 3091 1959 7669 1 2
1 3120 1968 7669.95833333333 0 0
1 1294 1964 9371 1 2
1 1034 1974 8009 1 0
1 1359 1988 6783.95833333333 2 4
1 9124 1923 7568.95833333333 2 4
1 6488 1934 7800.95833333333 0 0
1 4278 1932 8757 2 4
1 5110 1934 7114.04166666667 2 4
1 3768 1948 7733.95833333333 1 1
1 4604 1942 7331 1 2
1 6807 1939 7721.95833333333 2 2
1 7289 1942 6925.04166666667 2 4
1 4726 1947 9396.95833333333 1 1
1 1765 1942 12101 1 2
1 2404 1958 7908.95833333333 1 2
1 1196 1953 8050.95833333333 1 1
1 3022 1952 9044 1 1
1 2717 1957 7626 2 4
1 5991 1956 7957 1 1
1 5513 1963 7521.95833333333 1 1
1 5788 1962 8068 2 4
1 5923 1964 7643.95833333333 2 2
1 3543 1964 8608.95833333333 0 0
1 4138 1962 9094 1 2
1 6637 1968 7517 2 4
1 4152 1960 10208 2 4
1 3733 1969 8111.95833333333 2 4
1 4604 1969 9159.95833333333 1 2
1 4146 1973 7760.95833333333 2 4
1 4217 1967 9799 1 2
1 1731 1972 8948.95833333333 1 2
1 5813 1973 8504.95833333333 0 0
1 5288 1970 9872 1 1
1 4822 1970 10098.9583333333 1 2
1 3264 1976 8431 0 0
1 2529 1980 8897.95833333333 0 0
1 1489 1986 7993 1 1
1 1556 1985 8367 1 1
1 0 1980 11437.9583333333 1 2
1 7262 1938 7942.04166666667 1 2
1 6837 1927 7824.04166666667 0 0
1 2714 1956 7953 1 2
1 4881 1966 7631 0 0
1 3914 1967 7656 0 0
1 5791 1923 9981.95833333333 1 0
1 8283 1919 7377.04166666667 0 0
1 7830 1924 8920.04166666667 0 0
1 7665 1916 7670 1 1
1 6089 1912 9327 1 2
1 5570 1941 8343 2 2
1 7183 1951 7297.95833333333 0 0
1 7787 1955 7215.95833333333 1 2
1 5889 1954 8124.95833333333 1 1
1 4262 1939 8679.04166666667 2 4
1 2000 1944 7952 1 2
1 6951 1938 8275.95833333333 2 2
1 1885 1943 10251 0 0
1 3029 1939 7891.95833333333 1 1
1 6726 1944 7475 1 2
1 5816 1943 8142 1 2
1 1946 1941 11836.0416666667 1 1
1 1801 1947 9715 2 2
1 5918 1956 8174.95833333333 0 0
1 3469 1957 7660 1 2
1 6728 1956 8471.95833333333 2 0
1 6702 1964 6943 1 1
1 4952 1962 10352.9583333333 0 0
1 3759 1967 8748 1 2
1 5703 1968 8406 2 2
1 3244 1966 9140 1 2
1 4531 1974 6797 1 2
1 2382 1975 7891.95833333333 1 2
1 3155 1977 7389.95833333333 1 2
1 3302 1970 10231 1 2
1 2490 1981 7634 1 2
1 2433 1971 10887 2 2
1 3285 1978 8242 1 1
1 1858 1975 9798 0 0
1 2375 1969 12832 1 1
1 2106 1978 9742 1 2
1 2237 1983 8109.95833333333 2 4
1 1700 1982 8510.04166666667 2 4
1 1417 1983 8828.95833333333 2 0
1 1539 1979 10181 2 2
1 6626 1931 7931.04166666667 0 0
1 7642 1929 6973 0 0
1 5208 1932 7069.04166666667 0 0
1 7778 1907 7875 1 2
1 6292 1907 9154 1 1
1 2784 1929 8084 1 1
1 5371 1936 7046 1 2
1 4191 1940 7089.95833333333 0 0
1 3477 1938 7994 1 2
1 5245 1938 8323 0 0
1 5140 1940 9116 0 0
1 2609 1946 8198.95833333333 1 2
1 3988 1948 7602 2 2
1 5124 1946 8483.95833333333 1 0
1 4615 1947 8096 1 1
1 4317 1950 7245 2 2
1 2850 1949 8367 0 0
1 2013 1950 8702.95833333333 1 1
1 3797 1955 7552.95833333333 1 1
1 5341 1954 7742 2 2
1 6876 1957 7107.95833333333 2 0
1 4208 1958 8036 1 2
1 2713 1962 7816.95833333333 0 0
1 4097 1963 8178 1 1
1 5825 1962 9332 2 0
1 3977 1964 8562.04166666667 1 2
1 2390 1966 7912 1 1
1 2221 1961 9907 1 2
1 6244 1972 7832.95833333333 0 0
1 4991 1972 8558.95833333333 1 1
1 4225 1973 7889.95833333333 1 2
1 5301 1975 7247 1 1
1 4198 1966 10917 0 0
1 5248 1976 7550 1 1
1 3379 1965 11769.9583333333 1 2
1 2168 1980 7493.95833333333 2 2
1 2901 1981 7380 1 1
1 3697 1979 8622 0 0
1 1556 1984 7370.95833333333 1 1
1 1929 1983 8048 1 1
1 395 1982 8247.95833333333 1 2
1 1547 1981 9052 0 0
1 1304 1982 8652.95833333333 0 0
1 1840 1982 8728 1 1
1 6797 1944 6622 1 2
1 6678 1928 8303.95833333333 0 0
1 3776 1942 7448.95833333333 0 0
1 4583 1952 8468.95833333333 0 0
1 5864 1949 7554.95833333333 1 2
1 6176 1953 8708 1 0
1 3558 1953 9699.95833333333 1 1
1 1544 1960 8156.95833333333 0 0
1 0 1949 13090 2 4
1 5696 1964 8265.04166666667 1 2
1 3731 1980 7848.04166666667 1 2
1 2271 1983 7272 0 0
1 2808 1983 7630 0 0
1 1003 1988 7235 1 1
1 5360 1955 7606 0 0
1 4159 1951 9208 0 0
1 7020 1958 8116 0 0
1 2465 1959 7665 0 0
1 5316 1960 8690.04166666667 0 0
1 4270 1966 7427.95833333333 0 0
1 5084 1963 8559.95833333333 0 0
1 3298 1971 7745 1 2
1 5089 1942 10494 1 1
1 1243 1950 7643 2 4
1 5228 1964 6732.95833333333 1 2
1 4769 1966 7712 1 2
1 2171 1962 10134 1 2
1 6724 1971 7681 1 1
1 3384 1971 7165.95833333333 1 1
1 3385 1968 8361 1 2
1 5305 1971 8968.95833333333 1 2
1 4119 1951 9227.95833333333 2 2
1 4868 1951 7420.95833333333 0 0
1 2928 1969 9288.95833333333 1 2
1 3804 1966 11295 0 0
1 3373 1940 6908 0 0
1 3830 1951 8865.95833333333 1 2
1 3848 1976 7808.95833333333 0 0
1 5637 1965 8060 1 1
1 2226 1967 8131.95833333333 1 1
1 6569 1971 7201 2 4
1 0 1951 14736 0 0
1 5069 1970 7928.95833333333 1 2
1 4132 1972 8146.95833333333 1 1
1 5102 1974 8063 0 0
1 5660 1972 8958.95833333333 2 0
1 4826 1975 8744 1 2
1 4112 1977 8216.95833333333 1 2
1 2036 1984 7648 0 0
1 1719 1984 7745 0 0
1 1026 1985 8576.95833333333 0 0
1 1405 1979 10905 2 2
1 4756 1963 8430 1 2
1 4526 1973 8099 0 0
1 3502 1960 10715.0416666667 1 1
1 5248 1972 8246.95833333333 0 0
1 5009 1974 8890.04166666667 0 0
1 935 1977 9332.95833333333 0 0
1 2265 1980 8436 0 0
1 5788 1970 8074 1 1
1 2588 1961 11234.0416666667 0 0
1 2752 1967 9872 0 0
1 839 1982 9422 0 0
1 1059 1985 8459 0 0
1 1613 1988 7433.95833333333 1 1
