6
5
4
5
4
4
6
6
3
2
5
5
2
2
5
6
4
7
5
6
5
6
6
6
5
4
5
4
5
4
3
3
3
2
7
6
7
6
5
5
4
3
5
1
3
2
2
1
2
11
2
10
7
5
6
5
4
4
7
9
8
5
4
6
3
2
2
7
7
15
15
9
5
5
5
7
7
10
8
4
7
9
8
4
8
6
5
5
2
4
5
2
2
2
2
1
3
2
8
3
5
6
11
8
8
6
10
5
4
2
7
6
7
6
7
4
5
7
6
4
9
4
3
6
4
5
5
5
6
3
4
3
4
3
1
1
1
1
15
4
3
10
6
7
7
3
6
4
6
3
5
4
7
5
6
5
5
5
4
2
3
2
6
5
2
2
1
14
10
7
9
7
8
10
12
8
3
5
3
5
5
10
6
9
7
4
4
6
5
5
5
6
5
2
7
8
6
3
4
3
2
13
7
4
4
4
11
13
12
11
13
9
9
11
6
7
4
11
4
7
6
8
4
4
8
7
9
9
6
6
8
6
7
4
5
4
4
4
6
3
2
3
4
3
3
2
9
15
8
13
12
6
2
6
5
5
6
5
9
8
8
7
5
4
6
6
6
6
5
6
9
6
4
4
7
6
4
6
2
6
1
4
3
3
2
2
1
2
2
3
9
10
8
7
10
8
6
2
8
7
4
4
3
8
7
8
4
8
6
8
2
10
3
7
5
5
9
5
5
5
7
5
5
6
7
6
4
7
4
8
6
5
6
7
4
5
3
3
2
2
6
6
6
7
6
2
4
6
4
4
1
1
2
