
106001
26401
166371
100161
162611
24511
26781
124361
124341
101021
107511
107121
120281
111551
111361
111561
111581
111381
111371
111591
111331
111571
111391
111401
111601
111701
111691
111841
111751
111721
122361
156011
121561
108161
108141
108131
108171
108181
108151
108201
108211
108971
108831
108961
121481
158951
163421
3431
105481
105461
105541
105551
105691
105731
105571
121141
3401
105421
26151
105711
105741
105721
121131
163621
163641
26341
26351
3741
3791
96871
106321
3771
106351
96861
106461
106391
106451
106441
106371
106401
122201
106621
106411
106491
106561
106641
118101
106591
106651
106571
118091
106581
156151
156111
156131
27191
122651
107091
107111
4411
98611
30431
30441
30451
31711
4391
31721
4441
98241
4451
31741
108011
31791
31831
31841
121871
107991
108001
108361
108041
107781
108351
108221
108231
108241
108291
108341
108301
108251
108391
157221
4471
4481
4491
4511
4531
4571
36091
34011
34021
36011
108561
33961
35991
108491
108461
108581
108591
108541
108441
33991
36061
4521
34001
36151
36131
108431
108531
108451
4631
4681
4671
4771
30571
30551
30661
30761
30871
30651
30611
30591
30581
30881
30601
4691
108781
108721
108841
108611
108761
30711
108941
108811
121191
108621
108711
108861
108801
108891
108821
121161
158991
159001
23991
5281
28301
110271
110281
5471
5491
5501
10061
3531
5581
28651
28681
28561
24091
98281
28701
28751
28531
28801
28541
24111
28811
28571
28821
28731
28671
110751
111101
111121
110981
111111
111151
111131
110971
111141
122311
110871
110861
111041
156001
156751
155941
156741
155971
22811
5601
22821
5201
3521
22661
97081
97101
97091
97351
97141
97301
97161
97171
98301
97181
97111
111321
111261
11541
111511
111351
111611
111281
111631
111441
111641
111291
111661
111451
122331
111311
111771
111811
111821
111781
122341
122351
111831
156071
156061
156081
28871
5791
31951
112191
32001
32211
32231
112311
112641
112771
112811
167041
167071
23951
28101
23961
28111
109701
109711
109601
109881
5851
32081
112531
112351
112561
112371
112551
112571
114051
97731
97751
106771
117581
98731
32861
111951
111071
28831
110711
110941
110931
110841
110951
110821
110881
110851
122261
155961
111061
122251
109671
110021
109691
109681
124091
124211
110001
109721
110031
124151
