procid children dys_2_lastbirth birth_rate mom_byr dad_byr hsgtype wfgtype brresiduals fsresiduals
1003 6 4967 0.000818464560484531 1962 1960 Ile Het -0.000411106061601544 -0.660164362385873
1043 5 3947 0.00109739368998628 1942 1942 Ile Het -0.000511082534827291 -1.57646531616126
1101 4 2615 0.00130321459600348 1972 1969 Het Gly -5.92255951493965e-05 0.278853218993957
1103 5 3922 0.00109920307776862 1974 1971 Het Gly -8.96377982658892e-05 0.015436193157339
1150 4 2529 0.00143747005270724 1977 1979 Het Gly 0.000131352373935441 0.613091169747972
1602 4 2607 0.00131004366812227 1955 1953 Ile Gly -0.000277724525670361 -0.544679336214655
1805 6 2747 0.00204498977505112 1952 1957 Het Val 0.000433383803230968 1.16270638668123
1809 6 4294 0.00126135216952573 1975 1978 Het Gly 0.000127608034461981 0.676919186149198
1812 3 2068 0.00114810562571757 1982 1979 Thr Gly -0.000143922555666611 0.337903950755312
1814 2 953 0.00155763239875389 1982 1975 Het Gly 0.000140031386122491 0.499213112708595
1920 5 2874 0.00162667751118341 1957 1957 Het Gly 9.53824042606193e-05 0.27509783385132
1946 5 5846 0.000731261425959781 1958 1956 Thr Gly -0.000452121369370934 -2.77140466291335
2204 2 2532 0.00127064803049555 1980 1981 Thr Het 4.47298613544486e-06 -1.24323375508452
3001 2 2783 0.00124688279301746 1954 1957 Het Gly -0.000334265629168823 -2.77692234781674
3002 5 3103 0.0014099400775467 1962 1959 Het Gly -2.95567844005084e-05 0.281252927192503
3003 6 4520 0.00119075970469159 1961 1960 Het Het -0.00010235426136425 -0.243532389327987
3004 4 2839 0.00117647058823529 1963 1963 Het Gly -0.000279556726170065 -0.394849167705963
3005 7 5328 0.00118366541724206 1967 1965 Het Gly 6.07590614089521e-05 0.208508390705209
3006 5 4123 0.00114744693057946 1964 1964 Het Het -0.000150772950391042 -0.683244161890241
3007 6 5069 0.00104580631667015 1965 1965 Het Gly -0.000132672155046271 -0.619601042406171
3008 5 3893 0.00112580917534478 1966 1954 Het Gly -0.00017191044129388 -0.345825150128498
3009 6 4659 0.000978090766823161 1968 1962 Het Het -0.000206957697661029 -0.0457728875196429
3011 6 5238 0.00102207686017989 1969 1966 Het Gly -8.45622390571508e-05 -0.599887200827631
3012 6 5338 0.000998003992015968 1970 1968 Het Gly -8.4171379792235e-05 -0.655107264292011
3013 5 4758 0.00092528336803146 1972 1971 Het Gly -0.000195809220105462 -0.953151744293812
3014 4 3148 0.0011094674556213 1971 1968 Thr Gly -0.000206147133651455 -0.325217031009291
3015 5 3382 0.00146038700255568 1968 1966 Thr Gly 0.000131521044347097 0.284264601103085
3016 4 2538 0.00137174211248285 1976 1976 Thr Gly 5.34364359736455e-05 0.554784149218713
3017 5 4055 0.00114777618364419 1980 1971 Ile Gly 5.31234908441864e-05 0.170511667646558
3018 4 4083 0.00079093066174532 1978 1971 Thr Het -0.000326971812796336 -0.956517702218717
3020 3 1741 0.0014609203798393 1979 1980 Thr Gly 9.24602390890768e-05 0.531685528926694
3022 3 1480 0.00117855038302887 1988 1979 Ile Het -0.000100489625281563 1.24392463221163
3601 3 2030 0.00112866817155756 1975 1977 Het Val -0.000260050752693366 0.0349496279987339
3602 2 925 0.0016025641025641 1977 1974 Het Het 0.000115801740993612 0.283709910351618
3603 7 4777 0.00134438718350885 1967 1969 Het Gly 0.000159426450978686 0.782393007957459
3604 6 5239 0.00101978380583316 1971 1968 Het Gly -6.03394918360675e-05 -0.503062284501949
3605 7 5393 0.00117693213024716 1965 1969 Het Val 3.49429834850874e-05 0.0429423042549381
3606 6 4650 0.0011936022917164 1968 1970 Het Val 7.54023487236676e-06 -0.0363990915935624
3609 5 4086 0.00107962213225371 1974 1972 Het Gly -9.07488385569932e-05 -0.155375199273458
3611 5 3904 0.00111234705228031 1972 1973 Ile Gly -0.000104924188668383 -0.0636826641968578
3612 4 3952 0.000822819528250137 1974 1974 Het Het -0.000362642706584896 -1.01580979326293
3702 3 2273 0.0010443864229765 1973 1974 Thr Gly -0.000343368687753162 -0.316009311211792
3703 5 3573 0.00121580547112462 1973 1976 Thr Gly -2.5541854294384e-05 0.329997943909941
3705 3 1978 0.0011997600479904 1984 1978 Ile Het -7.60008767977136e-05 0.529508359222473
3706 2 879 0.00214592274678112 1985 1980 Thr Gly 0.000759592522816091 0.723086219688124
3707 2 1053 0.00201612903225806 1983 1983 Ile Gly 0.000622991747055499 0.443993049244214
4802 2 1218 0.00151745068285281 1981 1981 Het Gly 0.000116492744052873 0.174273674726384
7709 11 5268 0.00203004466098254 1927 1929 Ile Val 0.00037231741886053 2.3136713794186
7723 2 724 0.00224215246636771 1951 1956 Ile Gly 0.000389511866232262 -0.779205820315234
7726 10 7102 0.00134509041996712 1964 1966 Ile Gly 0.000382369610104656 1.21402938657718
7727 7 4337 0.00154679040989946 1962 1967 Thr Val 0.000246268322624061 0.996001352438825
7728 5 4031 0.00106866150146941 1969 1968 Thr Het -0.000173911595359911 -0.342757013852194
7729 6 4202 0.00128932439401753 1968 1971 Thr Gly 5.28079619279779e-05 0.430207638949102
7732 5 2867 0.00156617071260767 1978 1974 Het Gly 0.000311320648113891 1.3099862806828
7733 4 2763 0.00122599100939926 1975 1975 Thr Het -8.01764482111178e-05 0.271506026463526
7735 4 1934 0.00197498354180382 1975 1979 Het Het 0.000575452965714569 1.13493678454359
7769 7 3882 0.0017162471395881 1948 1948 Het Gly 0.000179660066092489 0.784833668701717
7774 9 7464 0.00111296605453534 1955 1955 Het Gly 7.21998709379899e-05 -0.603404537655995
7775 8 5687 0.00130111524163569 1959 1952 Thr Gly 0.000113027238044997 0.443132289717243
7776 5 3232 0.00139130434782609 1980 1975 Het Het 0.000203964264787108 1.02769322844257
7777 4 1847 0.002 1981 1976 Het Het 0.000669880905015758 1.51914949278144
7779 6 4606 0.00116495806150979 1976 1972 Het Het 7.95533850178472e-05 0.400894151981593
7780 3 1873 0.00158353127474268 1986 1979 Ile Gly 0.000322348285950895 0.736735760899766
7782 2 1690 0.000720461095100865 1984 1982 Thr Gly -0.000587734785202225 -0.170530171142958
7783 2 1445 0.00145560407569141 1976 1984 Thr Het 1.4203238147937e-05 -0.306820412202868
7844 7 7221 0.000875784556998978 1954 1951 Thr Het -0.000205550210411382 -2.39924527225501
7853 7 4418 0.0015015015015015 1953 1955 Thr Gly 9.12874345894496e-05 0.471238167675494
7905 15 8465 0.00170919301672567 1924 1921 Het Gly 0.000371911534802817 2.8370910860892
7908 15 8525 0.00169902912621359 1930 1930 Het Gly 0.000447714467273182 3.06819846086774
7940 9 6666 0.001265622528081 1941 1944 Ile Gly -4.98377727839127e-05 -0.457326443321376
7941 5 4632 0.000918062887307781 1948 1945 Het Gly -0.000534058156200912 -1.99631599180498
7942 5 3127 0.00141143260409315 1946 1944 Het Gly -0.000236586786450456 -0.526675455594569
7944 5 4598 0.000930016275284817 1952 1950 Het Het -0.000473127534527622 -1.76517097544929
7945 7 4039 0.00161899622234215 1939 1935 Het Gly -1.87236064181048e-05 0.180913985007041
7946 7 4575 0.00175592625109745 1956 1954 Het Het 0.000402998510087741 0.454517179218963
7947 10 6287 0.00150075037518759 1956 1955 Het Gly 0.000340630425294685 1.67141288750235
7948 8 6532 0.00119007140428426 1955 1952 Het Gly 4.43421007564998e-05 -0.632695892866346
7949 4 2206 0.00164203612479475 1955 1950 Het Gly 9.1067603024469e-06 -0.127024651063744
7950 7 8089 0.00076873798846893 1962 1957 Het Gly -0.000109228706125247 -2.91183001585599
7951 9 6310 0.00132494203378602 1960 1960 Ile Gly 0.000220218735868376 0.843190529659529
7952 8 5898 0.00124333925399645 1960 1958 Het Gly 9.22159502726587e-05 0.272302076497872
7953 4 4818 0.000671892497200448 1964 1962 Het Het -0.00054805552931551 -2.40710951395978
7954 8 6034 0.00122893258426966 1969 1963 Ile Het 0.000211940098192068 0.571052626154599
7955 6 5341 0.00100341159943809 1971 1967 Het Gly -6.52243181529166e-05 -0.609298638330859
7956 5 4194 0.00107642626480086 1974 1972 Ile Gly -8.17815976917271e-05 -0.267860750386421
7957 5 4369 0.000979911807937286 1972 1969 Het Het -0.000184990494419518 -0.547995453711007
7958 2 2067 0.00304878048780488 1972 1971 Het Gly 0.0016246237840749 -1.1503867623958
7959 4 4040 0.000819000819000819 1977 1976 Het Gly -0.000316945964690669 -0.960665012952845
7960 5 5023 0.000848536274925753 1976 1971 Thr Gly -0.000189905288893463 -1.03342505926013
7961 2 1289 0.00118063754427391 1976 1974 Ile Het -0.000278332227506842 -0.144341282817476
7962 2 1184 0.00108459869848156 1980 1979 Ile Gly -0.000333389957108366 0.160752568066176
7963 2 1293 0.00139470013947001 1979 1974 Het Het -2.42143765257323e-05 -0.00170774053064177
7964 2 2112 0.00154798761609907 1985 1982 Ile Val 0.000300519545432534 -0.561123822184878
7966 3 1518 0.00178890876565295 1977 1982 Het Gly 0.000368930878458786 0.666080912110993
7967 2 1152 0.00108695652173913 1984 1984 Thr Het -0.000281829657407909 0.38981451866051
8124 8 5315 0.00139776357827476 1943 1940 Het Het -4.34450177454234e-05 0.0476509276777035
8145 3 3704 0.000675447483958122 1960 1955 Het Gly -0.000722767112820733 -2.44257478329988
8148 5 3077 0.00143163922691482 1954 1957 Het Val -0.000116398511516591 -0.0831330147353611
8156 6 5682 0.000976753272123462 1967 1962 Thr Het -0.000106285117555821 -1.16019424905395
8214 11 6015 0.00174581005586592 1923 1924 Het Het 0.000119404619221886 1.33991341914122
8216 8 5569 0.00133587786259542 1935 1930 Het Gly -0.000182337625380517 -0.608364220839326
8240 8 4303 0.00175219023779725 1946 1942 Thr Gly 0.000236613582273131 1.24848187673094
8241 6 3203 0.00175438596491228 1948 1944 Het Gly 0.000141328978935179 0.492034494680443
8242 10 6012 0.00158088881082031 1948 1946 Thr Gly 0.000284185262487546 1.56636863286271
8244 5 2239 0.00202326757713708 1945 1947 Het Het 0.000262038816991714 0.349272517842175
8245 4 1735 0.0020746887966805 1950 1947 Ile Het 0.000322706814870169 0.118871212718566
8246 2 1019 0.00141043723554302 1949 1948 Het Gly -0.000435383239658737 -1.18432446932089
8248 7 4087 0.00166481687014428 1947 1946 Ile Gly 0.000138115588081178 0.522386203560042
8251 6 2845 0.00192233756247597 1954 1951 Het Gly 0.000348171665435272 1.15850261358138
8253 7 3837 0.00171184022824536 1956 1953 Het Gly 0.000275797913728523 1.22316844515755
8254 6 3739 0.00144634075788256 1951 1954 Het Het -6.67464017054775e-05 0.0805725444478623
8257 7 5468 0.00117050331642606 1961 1959 Thr Gly -1.58455877263154e-05 -0.230905560208446
8260 4 1881 0.00190961171228517 1962 1957 Ile Gly 0.000332491532145943 0.554006107378074
8261 5 3247 0.00135685210312076 1961 1958 Het Het -7.96288711662088e-05 0.0823389677720394
8267 7 4325 0.00152129817444219 1961 1956 Thr Gly 0.000206223040589751 0.959566522403754
8268 6 5003 0.00111681929863748 1963 1962 Thr Gly -9.54953639122873e-05 -0.648726321487939
8269 4 2736 0.0012442969722107 1969 1960 Het Gly -0.000144120803062699 0.00602806662269521
8270 9 5616 0.00149756645451142 1967 1962 Het Gly 0.000407095054193288 1.90854692107064
8271 4 2718 0.00136301681054066 1971 1971 Het Gly -1.02496925792773e-06 0.122642107681213
8273 3 3204 0.000985221674876847 1969 1965 Thr Gly -0.000350489297684715 -1.48140932153348
8274 6 3706 0.00157778479015462 1964 1966 Het Gly 0.000232601796511391 0.75107504935148
8275 4 3633 0.000916030534351145 1975 1971 Thr Gly -0.000292156328474408 -0.634627579724237
8277 5 4208 0.00106638229805385 1973 1970 Het Het -0.000103450455309563 -0.331375435319058
8279 5 3875 0.00111234705228031 1976 1972 Thr Gly -5.53838481055489e-05 0.162254687755449
8280 5 3915 0.00109980753368161 1981 1973 Thr Gly 2.58943871463028e-06 0.365259495544319
8281 6 4366 0.00123395853899309 1977 1970 Ile Het 0.000134726323002582 0.699795267946913
8282 3 1578 0.00156739811912226 1977 1973 Ile Gly 0.000154177514327049 0.603588939270458
8284 4 2989 0.00110497237569061 1978 1971 Het Het -0.000136137881258631 0.182919269240379
8285 3 1919 0.00122100122100122 1979 1974 Thr Het -0.000127412315298775 0.346292676166439
8286 4 4056 0.00079093066174532 1981 1976 Thr Gly -0.000290407819584119 -0.78159664063094
8290 3 2477 0.00134318334452653 1982 1981 Het Val 9.72173048285484e-05 -0.0880829974410045
8302 15 7582 0.00189727605366581 1928 1924 Het Het 0.00051335625949402 3.95249751813846
8303 4 3007 0.00111524163568773 1923 1925 Het Het -0.000849928891890503 -2.52715567578661
8304 3 1674 0.00149365197908887 1933 1931 Het Gly -0.000489626938146958 -1.64946009981426
8306 10 5889 0.00161870503597122 1931 1934 Ile Het 8.37220270673732e-05 0.86261235893177
8308 6 4859 0.00131578947368421 1917 1912 Het Gly -0.000520015811096486 -2.74967391841687
8311 7 4139 0.00134529147982063 1924 1928 Het Het -0.000479190063066766 -0.657237672108197
8316 7 4251 0.00151362260343088 1939 1933 Het Gly -0.000100221494186406 -0.0398909856961838
8320 3 1570 0.00168776371308017 1959 1957 Het Het 3.60135155479551e-05 -0.268876840541354
8321 6 3715 0.00168463611859838 1955 1959 Het Gly 0.000221652406439756 0.301302231996791
8322 4 1969 0.00157563025210084 1962 1957 Thr Gly 8.42075281341167e-06 0.462351213878622
8323 6 4554 0.00117564072419469 1961 1959 Thr Het -0.00011364411516841 -0.278944507270957
8324 3 1500 0.00170648464163823 1965 1958 Het Gly 0.000126060488557395 0.0976298087250096
8325 5 3495 0.00130890052356021 1960 1956 Het Het -0.000112851940241667 -0.224894411238686
8326 4 3008 0.0014792899408284 1962 1962 Het Gly 2.90940484161821e-05 -0.619801449143316
8327 7 6208 0.00101300016883336 1963 1959 Thr Het -6.3605738870759e-05 -0.903773442702025
8328 5 3014 0.00159362549800797 1964 1961 Ile Gly 0.000170508514030145 0.471815802778988
8330 6 5443 0.000974279033515199 1960 1966 Het Gly -0.000228086995067323 -1.25380046279473
8332 5 3236 0.00144144144144144 1970 1970 Het Gly 0.000122535942923235 0.534194850888079
8333 5 5184 0.000851788756388416 1972 1966 Het Gly -0.000221327126715937 -1.39684475146161
8340 5 2875 0.00155219247186651 1955 1952 Het Gly -5.39319387746221e-06 0.176189851764287
8341 4 4760 0.000672494956287828 1950 1946 Het Gly -0.000738807371241934 -3.03176575132509
8342 2 652 0.00282485875706215 1950 1955 Het Het 0.000950907827950709 -0.75314867750977
8343 3 2333 0.00189753320683112 1950 1953 Het Val 0.000212898806263692 -1.50396544992544
8344 2 948 0.00151515151515152 1956 1952 Ile Gly -0.000246253946874925 -0.767843062570673
8345 6 3091 0.00185873605947955 1959 1956 Het Gly 0.000378282970760805 1.14695164795107
8346 5 3120 0.00115774240231548 1968 1965 Thr Gly -0.000200630355701866 0.55714621584009
8347 2 1294 0.00107066381156317 1964 1969 Het Gly -0.000546161934517987 -0.736747642458997
8348 2 1034 0.00145772594752187 1974 1969 Het Val -5.63654546489316e-05 0.0233831525484425
8402 14 9124 0.00147192028985507 1923 1923 Ile Gly 0.00019565470285014 1.10178769312081
8406 10 6488 0.00145466300307096 1934 1934 Thr Gly 2.6744967075078e-05 0.385533837216628
8407 7 4278 0.00150451354062187 1932 1933 Ile Gly -0.000198700910596628 -0.410544945696675
8412 9 5110 0.00169779286926995 1934 1933 Ile Gly 0.00011468258084477 0.820766146787591
8445 7 3768 0.00173661360347323 1948 1947 Het Het 0.000187187693419607 0.903568417098734
8447 8 4604 0.00161550888529887 1942 1942 Het Gly 8.10249027538394e-05 0.739247581234869
8448 10 6807 0.00145725388601036 1939 1936 Ile Het 0.000131270018588491 0.297950971297009
8449 12 7289 0.00159189580318379 1942 1939 Ile Gly 0.000359800207991926 1.94273179662091
8450 8 4726 0.00158371040723982 1947 1952 Het Het 0.000128974182725572 0.85684669280834
8451 3 1765 0.00162866449511401 1942 1931 Het Gly -0.000225551566274834 -1.30384057052713
8452 5 2404 0.00210637177461822 1958 1959 Het Gly 0.000535346212334209 0.813551512372026
8453 3 1196 0.00221483942414175 1953 1954 Het Het 0.0004417592924059 -0.172942890787755
8454 5 3022 0.00157232704402516 1952 1952 Het Het -8.30805013312251e-06 -0.123715155504561
8455 5 2717 0.00171159606332905 1957 1954 Ile Gly 0.000162619400795664 0.438618496117388
8456 10 5991 0.00158618258724004 1956 1955 Het Het 0.000392726710845632 1.97970662018233
8458 6 5513 0.000974658869395711 1963 1956 Het Het -0.000180218892762952 -1.17990809063249
8459 9 5788 0.00131212071510579 1962 1960 Ile Gly 0.000175012240511748 1.48473714257854
8460 7 5923 0.00106571936056838 1964 1963 Ile Het -2.97820484335192e-05 -0.558003347106303
8461 4 3543 0.000927070457354759 1964 1964 Thr Het -0.00043646982013896 -1.0791550910984
8462 4 4138 0.000794070937003706 1962 1965 Het Gly -0.000528862803561555 -1.79673360430673
8463 6 6637 0.000792016473942658 1968 1965 Ile Gly -0.0001702669141227 -2.10592492549596
8464 5 4152 0.00128907508862391 1960 1959 Ile Gly -5.86851329094263e-05 -0.909181513842548
8465 5 3733 0.00116720163408229 1969 1967 Ile Gly -0.000108932631995166 -0.0323802154108679
8466 5 4604 0.000934579439252336 1969 1971 Het Gly -0.000243461610666979 -0.939555354479306
8467 6 4146 0.00114968958381237 1973 1968 Ile Gly -2.71256946966286e-05 0.733199603282828
8468 5 4217 0.000866926744690074 1967 1968 Het Gly -0.000381101956896989 -0.634348578864211
8469 2 1731 0.000681198910081744 1972 1973 Het Gly -0.000780798575082379 -0.800431714488801
8470 7 5813 0.00116867939228672 1973 1973 Thr Gly 0.000179603943095311 -0.00303570880337978
8471 8 5288 0.0014543943486391 1970 1970 Het Het 0.000366587908165102 1.39696937974177
8472 6 4822 0.00110668437361664 1970 1971 Het Gly -3.36036268225626e-05 -0.117676297863407
8473 3 3264 0.00068259385665529 1976 1974 Thr Gly -0.000553948702826578 -1.20136872215177
8474 4 2529 0.00146127618119825 1980 1978 Thr Gly 0.000194763272718197 0.759890843557508
8475 3 1489 0.00183318056828598 1986 1986 Het Het 0.000528750972140893 1.13668438707919
8476 2 1556 0.00111234705228031 1985 1987 Het Het -0.000197738501949861 0.01796845947075
8621 13 7262 0.00171895143962183 1938 1938 Het Gly 0.000431008706961442 2.77512028598644
8704 7 6837 0.000969461948618517 1927 1923 Thr Gly -0.00051156235877086 -3.3204937103614
8747 4 2714 0.00124895920066611 1956 1954 Het Gly -0.000313556916084472 -0.607190129843765
8761 4 4881 0.000680272108843537 1966 1959 Thr Het -0.000506177590959023 -2.37485963623598
8762 4 3914 0.000822819528250137 1967 1964 Thr Gly -0.00045933344945164 -1.31876411601951
8805 11 5791 0.00181884321571481 1923 1915 Het Val 0.000167210591448016 1.57321678441255
8807 13 8283 0.00152033447358419 1919 1920 Thr Gly 9.6547951231601e-05 0.781983947356265
8808 12 7830 0.00145772594752187 1924 1922 Thr Het 4.89298935434261e-05 0.4984644653182
8809 11 7665 0.00139178844815588 1916 1915 Het Het -0.000141202853197676 -0.721148406195757
8813 13 6089 0.00207936232888581 1912 1916 Het Gly 0.000316073382797416 2.72457451533626
8821 9 5570 0.00151143019081806 1941 1940 Ile Het 7.25368647989311e-05 0.68419359389907
8822 9 7183 0.00117439812096301 1951 1944 Thr Gly 4.91789710748998e-05 -0.506466696598869
8846 11 7787 0.00134426670251378 1955 1951 Het Gly 0.000339877222497463 1.06018034188579
8847 6 5889 0.000889838049474995 1954 1952 Het Het -0.000341508387192132 -2.01192347519512
8848 7 4262 0.00152168399695663 1939 1935 Ile Gly -9.09212655541813e-05 -0.0513478473836154
8849 4 2000 0.00207182320441989 1944 1939 Het Gly 0.000270476345954778 -0.450734348279538
8850 11 6951 0.00148676776687481 1938 1940 Ile Het 0.00016379978711318 1.09903701187655
8851 4 1885 0.00189155107187894 1943 1942 Thr Gly 6.40511653852516e-05 -0.379891291605023
8852 7 3029 0.00225056264066016 1939 1942 Het Het 0.000499095224850856 1.23286219448939
8854 6 6726 0.000778694907335306 1944 1943 Het Gly -0.000490403340838907 -3.37301874235238
8855 8 5816 0.00128158183815452 1943 1944 Het Gly -0.000103203449834402 -0.474157045540767
8856 4 1946 0.00219138056975895 1941 1943 Het Het 0.000344347386843033 -0.541291246532591
8857 4 1801 0.00204778156996587 1947 1947 Ile Het 0.000263627828502641 -0.0966696312155587
8858 8 5918 0.00126857557085901 1956 1955 Thr Gly 6.68983342125418e-05 0.0557385204716454
8859 7 3469 0.0018796992481203 1957 1953 Het Gly 0.000415413858320464 1.65538576984934
8860 9 6728 0.00124902419984387 1956 1953 Ile Val 0.000138570275583273 0.212096887124418
8861 9 6702 0.0012531328320802 1964 1957 Het Het 0.00024536347289138 0.630642538847412
8862 6 4952 0.00107619457597934 1962 1967 Thr Gly -0.000155065366706787 -0.644541369176663
8863 6 3759 0.00143554407120299 1967 1966 Het Gly 0.00013593478063725 0.842673480485209
8864 8 5703 0.00130548302872063 1968 1970 Ile Het 0.00023801127797823 0.866866785055041
8865 6 3244 0.00133084908171413 1966 1969 Het Gly -3.99618062065427e-05 1.33012968942996
8866 7 4531 0.00141010575793184 1974 1969 Het Gly 0.000289851298246708 1.3811426688259
8867 4 2382 0.00142382534409112 1975 1975 Het Gly 7.47491432473878e-05 0.668330054000926
8868 5 3155 0.00146145414687614 1977 1971 Het Gly 0.000225837447800089 0.961091586445052
8869 4 3302 0.00101146325016858 1970 1966 Het Gly -0.000300009237710776 -0.53454631923651
8870 4 2490 0.00146555935515388 1981 1974 Het Gly 0.000207855803211756 0.849443850507034
8871 4 2433 0.00148441365660564 1971 1979 Ile Het 8.82747854120234e-05 0.419478978673756
8872 6 3285 0.00171232876712329 1978 1978 Het Het 0.000504554436675553 1.8746255365604
8873 3 1858 0.00133779264214047 1975 1975 Thr Het -7.02971583207891e-05 0.214093283474935
8874 2 2375 0.000582750582750583 1969 1969 Het Het -0.000846323508289853 -1.61797856345342
8875 3 2106 0.0011983223487118 1978 1981 Het Gly -0.000142232580875372 0.102592802876925
8876 4 2237 0.00156168662155128 1983 1983 Ile Gly 0.000301893042354733 1.21081811852432
8877 3 1700 0.00152671755725191 1982 1981 Ile Gly 0.000193244710487481 0.721188050843929
8878 3 1417 0.00176678445229682 1983 1980 Ile Val 0.000414641346981243 1.0648750806783
8879 2 1539 0.000831946755407654 1979 1981 Ile Het -0.000559262902752379 -0.257924829176837
8904 9 6626 0.00128390306531857 1931 1923 Thr Gly -0.000168077991451465 -0.904997374126139
8905 15 7642 0.00194633671625191 1929 1925 Thr Gly 0.000582375794576322 3.9389387699011
8906 8 5208 0.00146351662136734 1932 1930 Thr Gly -0.00013495995266738 -0.379170524724974
8909 13 7778 0.00159574468085106 1907 1904 Het Gly -4.33347161930381e-05 0.720759356859293
8912 12 6292 0.00188614540466392 1907 1911 Het Het 7.97106468724084e-05 1.26847721754322
8940 6 2784 0.00203998368013056 1929 1926 Het Het 0.000128908126886375 -0.00129449577688057
8941 2 5371 0.000207641196013289 1936 1934 Het Gly -0.00131967173378195 -6.35320748586238
8942 6 4191 0.00131440588853838 1940 1940 Thr Gly -0.000292993901380611 -0.92846578825247
8943 5 3477 0.00111389585073796 1938 1936 Het Gly -0.000600318779923074 -1.28267776065646
8944 5 5245 0.000835770998746344 1938 1939 Thr Gly -0.000679329043892195 -3.1241078936909
8945 6 5140 0.00103135313531353 1940 1941 Thr Gly -0.000469168971328681 -1.9168804920136
8946 5 2609 0.0017174753112924 1946 1945 Het Gly 1.11180493711625e-05 0.0128385765953862
8947 9 3988 0.00215982721382289 1948 1947 Ile Het 0.000635178005898763 2.6744311833501
8948 8 5124 0.00144717800289436 1946 1948 Het Val 2.40634948625875e-05 0.393383381696277
8949 8 4615 0.00161550888529887 1947 1945 Het Het 0.000148271688346558 0.972456842563331
8951 7 4317 0.00150075037518759 1950 1950 Ile Het 3.95567792788884e-05 0.429633314814193
8952 5 2850 0.00156067108856808 1949 1951 Thr Gly -7.89396520922818e-05 -0.0913711738378957
8953 4 2013 0.00195822454308094 1950 1952 Het Het 0.000237551303052427 -0.170674928109249
8954 6 3797 0.00144592249855408 1955 1955 Het Het -7.82626099264103e-06 0.215896535781393
8955 6 5341 0.000994629003381739 1954 1956 Ile Het -0.000298433945862496 -1.4411634565849
8956 6 6876 0.000785422557335847 1957 1952 Ile Val -0.000295161813576749 -2.89311675461239
8957 6 4208 0.00128501670521717 1958 1958 Het Gly -8.28398996049739e-05 -0.0653738043667385
8958 5 2713 0.00163934426229508 1962 1960 Thr Het 0.000155925064754674 0.687450750655983
8959 6 4097 0.00159795461808885 1963 1959 Het Het 0.000283604991314886 0.294902468404145
8961 9 5825 0.001458257382428 1962 1962 Ile Val 0.000325315898646646 1.44620042599355
8962 6 3977 0.00136054421768707 1964 1962 Het Gly 4.58816162124476e-05 0.468819638688395
8963 4 2390 0.0013934045517882 1966 1965 Het Het -7.35849889442435e-05 0.219598769526913
8964 4 2221 0.00168067226890756 1961 1961 Het Gly 0.000128641765598488 0.150951703345194
8966 7 6244 0.00103662750518314 1972 1966 Thr Het 8.28902777936314e-05 -0.500869604977738
8967 6 4991 0.00108295429932857 1972 1964 Het Het -1.18975088257495e-05 -0.195828905491224
8968 4 4225 0.000620860927152318 1973 1971 Het Gly -0.000547057262864725 -1.34908149429054
8970 6 5301 0.00099601593625498 1975 1969 Het Het -2.43184758796673e-05 -0.371904424691121
8971 2 4198 0.00148148148148148 1966 1974 Thr Gly 0.000218111383704167 -3.66349267873455
8972 6 5248 0.00101916021198532 1976 1974 Het Het 6.05845716217908e-06 -0.267769957412136
8974 4 2168 0.00159914712153518 1980 1976 Ile Het 0.000291977897288091 1.1358842134814
8975 3 2901 0.00088339222614841 1981 1973 Het Het -0.000328023941360883 -0.578626163450633
8976 3 3697 0.000612745098039216 1979 1970 Thr Het -0.000535427636505125 -1.50555278567476
8978 2 1556 0.000809716599190283 1984 1980 Het Het -0.000513570545137136 -0.0309647651324289
8979 2 1929 0.000662251655629139 1983 1978 Het Het -0.000632229306548702 -0.468389754227602
8981 2 1547 0.000880281690140845 1981 1984 Thr Het -0.000483623816838164 -0.168390643015885
8982 2 1304 0.00121654501216545 1982 1985 Thr Gly -0.000161525898432072 0.133635071591463
8983 3 1840 0.00138985406532314 1982 1984 Het Het 7.21482108229359e-05 0.575373447549346
9014 9 6797 0.00150432493418578 1944 1941 Het Gly 0.000243222803516995 -0.446967576880342
9105 10 6678 0.00147831800262812 1928 1928 Thr Gly -7.4115130212352e-06 -0.105956757730806
9121 8 3776 0.00199942873464724 1942 1939 Thr Het 0.000371694254996652 1.60163680643426
9144 7 4583 0.00146341463414634 1952 1954 Thr Gly 5.85815037341628e-05 0.250452017760843
9145 10 5864 0.00161957890948353 1949 1949 Het Gly 0.000319408987997263 1.76944872380588
9147 8 6176 0.00119128658951668 1953 1945 Het Val -2.09391031060346e-05 -0.359776636552193
9149 6 3558 0.00158177791838026 1953 1952 Het Het 7.47094704165436e-05 0.366956445056502
9152 2 1544 0.000802568218298555 1960 1961 Thr Gly -0.000838908544842624 -1.19286376104061
9158 8 5696 0.00136505460218409 1964 1963 Het Gly 0.000243988141439484 0.678424616807056
9161 7 3731 0.00170599943133352 1980 1973 Het Gly 0.000574857413579168 2.50796832098545
9163 4 2271 0.00169971671388102 1983 1970 Thr Gly 0.000443752261377214 1.17540600058135
9164 4 2808 0.000974342318934719 1983 1982 Thr Val -0.000221144456098454 0.616102843658554
9165 3 1003 0.00154679040989946 1988 1986 Het Het 0.000214030006517348 1.74073581629389
9647 8 5360 0.00140224358974359 1955 1954 Thr Gly 0.000124522036689606 0.587980643285446
9648 7 4159 0.00168255748738082 1951 1952 Thr Gly 0.000216771304585457 0.643128734564115
9652 8 7020 0.00105342362678706 1958 1956 Thr Gly 2.25832372920053e-06 -0.994164264826497
9654 4 2465 0.00127496812579686 1959 1953 Thr Val -0.000275985942617633 -0.201048768746007
9655 8 5316 0.00144568360181743 1960 1960 Thr Het 0.00022901465882379 0.878474213051065
9658 6 4270 0.00125722906713603 1966 1962 Thr Gly 1.9677082374609e-06 0.261516953856804
9661 8 5084 0.0014625992478061 1963 1963 Thr Het 0.00025940691649492 1.26690951517734
9667 2 3298 0.00033101621979477 1971 1968 Het Gly -0.000967705163480601 -2.48144696311063
9850 10 5089 0.00187617260787992 1942 1947 Het Het 0.000396309991393096 2.23410413410721
9851 3 1243 0.00212765957446809 1950 1947 Ile Gly 0.000320267876986341 -0.368694609989044
9862 7 5228 0.00127849989345834 1964 1960 Het Gly 0.000104726630001897 0.165862004963232
9865 5 4769 0.000947193937958797 1966 1965 Het Gly -0.000251869355655143 -1.25820795360032
9867 5 2171 0.00215982721382289 1962 1967 Het Gly 0.000615367231945272 1.25196157198215
9868 9 6724 0.00124863430622756 1971 1969 Het Het 0.00033575374793243 0.9502613876948
9869 5 3384 0.00128617363344051 1971 1964 Het Het -2.86231172969468e-06 0.42898120915127
9870 5 3385 0.00148423005565863 1968 1968 Het Gly 0.000155701961569995 0.281140002461059
9871 5 5305 0.00093764650726676 1971 1970 Het Gly -0.000135043779763619 -1.57180345462654
17123 7 4119 0.00157811678064177 1951 1954 Ile Het 0.000107825742913771 0.684790049791138
17142 5 4868 0.000873934891850557 1951 1944 Thr Gly -0.00051200273726384 -2.09531807783488
17410 5 2928 0.00154798761609907 1969 1961 Het Gly 0.000181193144502322 0.806053753532982
17411 6 3804 0.00143266475644699 1966 1970 Thr Gly 0.000124921837583216 0.746871276251629
19007 7 3373 0.00200066688896299 1940 1936 Thr Het 0.000301142815671601 0.923508108140163
19043 6 3830 0.00143430866322433 1951 1953 Het Gly -6.85299513919614e-05 -0.0142069476936164
22203 4 3848 0.00088809946714032 1976 1974 Thr Het -0.000282672210325068 -0.80962392446631
22430 7 5637 0.00125339461040318 1965 1965 Het Het 0.000138885078730185 -0.211191718629906
22432 4 2226 0.0015495867768595 1967 1957 Het Het 7.73289210004992e-05 0.439343386560888
22433 8 6569 0.00111146395681169 1971 1966 Ile Gly 0.000181127085652597 0.111698984199517
22435 6 5069 0.00107388316151203 1970 1970 Het Gly -3.85873597181476e-05 -0.374934919390277
22436 5 4132 0.00104139546992971 1972 1969 Het Het -0.00015019809790296 -0.301152160990892
22437 6 5102 0.00103498240529911 1974 1972 Thr Gly -2.09652502226483e-05 -0.213572606039857
22438 7 5660 0.00113485908832987 1972 1972 Ile Val 0.000115350978923881 0.107385597336807
22439 4 4826 0.000694605232692753 1975 1972 Het Gly -0.000379224331766942 -1.87717630637022
22440 5 4112 0.00110041265474553 1977 1977 Het Gly -2.7425390067214e-05 -0.0356553803614871
22441 3 2036 0.00146735143066764 1984 1974 Thr Het 0.000198122545531848 0.469099452143288
22442 3 1719 0.00139372822299652 1984 1978 Thr Gly 8.87983625195906e-05 0.79926537531745
22443 2 1026 0.00219298245614035 1985 1982 Thr Gly 0.000823207574052757 0.569980886228812
22444 2 1405 0.00126742712294043 1979 1969 Ile Het -0.000138873799243933 -0.118359423166308
22820 6 4756 0.00113019891500904 1963 1961 Het Gly -0.000109933226749752 -0.391467699961068
23001 6 4526 0.00119588615163836 1973 1968 Thr Het 6.18669949893999e-05 0.337417108626104
23002 6 3502 0.00157728706624606 1960 1966 Het Het 0.000156322952057395 0.767814858596585
23003 7 5248 0.00121065375302663 1972 1973 Thr Het 0.000144745637814494 0.53649714417515
23004 6 5009 0.00106632544252506 1974 1971 Thr Het -9.60007150762903e-08 -0.116710048137027
23005 2 935 0.00164203612479475 1977 1977 Thr Gly 0.000156399976957421 0.273294581544862
23006 4 2265 0.00153452685421995 1980 1977 Thr Gly 0.000238281903184502 1.03485552405586
23007 6 5788 0.000908100254268071 1970 1963 Het Het -0.000123395499547981 -1.12379706059603
23008 4 2588 0.00135931128228364 1961 1965 Thr Gly -0.000151387177018501 -0.231290863862747
23009 4 2752 0.00121703853955375 1967 1967 Thr Het -0.000195980473941092 -0.108502908674472
23012 2 1613 0.00101729399796541 1988 1982 Het Het -0.000246767367694009 0.105400759081778
