
115772
26452
100202
109612
123092
26402
5492
109642
154412
167312
24172
28342
147342
26092
111342
108452
100172
109952
109932
108472
108862
115822
109962
105732
110592
105792
115022
111172
120152
127942
121712
160932
100092
109992
108022
109252
114892
114912
108042
107522
125342
106932
100802
170622
167372
158082
158062
3652
24582
111782
105032
108992
109032
121282
110772
110692
23862
3652
39982
121392
164952
111872
160362
153932
105312
23702
25052
8072
7822
38642
106002
25312
25042
4032
29542
25822
122402
106692
106052
104962
122462
106952
115052
112722
112742
106972
129562
127902
123052
107062
160352
121292
165842
147322
166712
29942
106622
105002
109222
5892
95852
29772
4972
26282
29352
28112
28082
29362
106682
106772
29382
106042
107772
109342
111292
106062
107792
107782
112542
109062
107942
107492
112672
112112
158212
108142
122002
121682
122032
168712
158462
4782
2592
6742
5692
4722
4772
33412
33382
4662
107642
112312
112362
109782
105402
110142
105412
109092
110732
107682
127702
26152
33362
31042
112302
127672
107662
110522
135662
4372
9832
4052
6012
26632
26612
29332
38802
21322
26252
25702
110332
26002
28482
110342
108382
108082
106592
120702
115712
100182
160612
107032
107432
112612
115742
112512
107482
112572
110032
108152
121652
166552
161102
24012
5712
29392
107022
127342
3332
4322
2912
2882
4342
39002
21612
111262
111482
23642
28412
21462
33482
26112
39092
38582
25482
6072
23482
111502
25892
110152
104882
110432
112562
109942
110232
125252
110702
106642
154042
110082
105242
112252
112472
122512
164602
154262
154192
123022
20262
5732
20272
3452
9972
24872
28232
28242
38992
30542
5582
26272
25982
25872
39062
39072
30582
29802
105092
28362
26102
25722
107892
107902
109792
107652
110162
107762
110652
109072
112702
110562
105562
110802
121342
164452
122542
154222
159752
154252
154242
154572
26622
4922
29862
29752
29782
25882
25542
110892
112602
121752
158202
168822
162602
26312
26302
111512
25382
107302
106352
107312
107042
24472
29652
115592
115602
109842
110642
112682
110172
111132
24232
39452
125622
100602
95922
21272
110662
110062
108942
109972
110672
110682
111752
100082
120522
107422
154172
161212
172702
122522
107192
111092
107102
107322
100582
125302
123462
112222
107132
125272
160302
